   0.00091185     1.0890133    0.00089900    1.08900900  359.36031400    0.81062900   97.18590000  -59.18730000      0.434052      0.998779
   0.31976150     -47.79383    0.31971000  -47.79383100  359.67931200  -48.07230100  324.97570000  -67.13070000     336.56426    -42.929636
   0.63931400     18.683364    0.63928000   18.68340700  359.99827100   18.40478800  107.10350000  -42.68110000      8.236773      16.84004
   0.93490863     42.023498    0.93515900   42.02352200    0.29037400   41.74505000  113.53220000  -19.97600000     20.479646     37.544139
   1.23422583     56.056959    1.23421000   56.05695000    0.58706400   55.77870800  116.43300000   -6.22690000     31.420711     49.143702
   1.50054698    -39.137517    1.50057300  -39.13758500    0.86443700  -39.41560900  338.32730000  -74.70770000     343.31259    -35.957154
   1.82562487     20.965598    1.82563700   20.96506600    1.18210700   20.68982200  109.28990000  -40.73410000     10.300262     18.447792
   2.18307102     74.214712    2.18349200   74.21476500    1.50895000   73.93628900  119.98300000   11.58800000     55.279917     61.493068
   2.46856966     12.710842    2.46855400   12.71082800    1.82563600   12.43271200  107.40650000  -48.90390000      7.370789     10.670536
   2.77350337     4.1331073    2.77352400    4.13309300    2.13189600    3.85502600  104.09180000  -57.25550000      4.188012      2.689793
   3.12556151    -22.067083    3.12612700  -22.06731600    2.48777800  -22.34409400   60.59550000  -79.81020000     353.64414    -21.395112
   3.43491480    -26.284983    3.43490600  -26.28495900    2.80180300  -26.56313700   36.51710000  -81.54080000     351.93219    -25.319297
   3.75013144     5.5883646    3.75001800    5.58827200    3.10840000    5.31089600  106.51440000  -56.11750000      5.661743      3.637936
   4.08276576    -33.469328    4.08290600  -33.46943600    3.45358500  -33.74668200  350.85870000  -80.12650000     348.79168    -31.979072
   4.37630834    -59.951065    4.37685800  -59.95116300    3.76738500  -60.22839100  310.65710000  -56.66530000     328.22578     -54.03465
   4.67342336    -8.0526509    4.67444900   -8.05300100    4.03095400   -8.32862200   99.30030000  -69.40810000      1.062819     -9.243235
   5.01220748    -17.700417    5.01230400  -17.70043400    4.37841000  -17.97784600   83.77700000  -78.11220000     357.31081    -18.183413
   5.34238990     67.005412    5.34255000   67.00540800    4.64422900   66.72816800  119.99430000    4.30530000     45.769823     56.110267
   5.70944305    -53.224066    5.70994900  -53.22403900    5.10163500  -53.50143900  312.50160000  -63.36960000     336.10182    -49.339241
   5.99923139    -3.4752794    5.99927800   -3.47529500    5.36008100   -3.75225900  106.25290000  -65.45450000      4.125576     -5.572986
   6.34089026     11.873989    6.34060200   11.87361200    5.69551000   11.59890600  112.87570000  -50.48790000     10.541998      8.382746
   6.65572204   -0.04953631    6.65589100   -0.04953300    6.01435300   -0.32626600  109.50160000  -62.27250000      6.091388     -2.688041
   6.95233075     28.173881    6.95238800   28.17384600    6.29428900   27.89753700  116.61880000  -34.40810000     18.082352     23.000781
   7.33684537     28.827781    7.33698400   28.82778500    6.67693200   28.55147300  117.10900000  -33.79410000     18.720113     23.446174
   7.64554250     36.169078    7.64556800   36.16906500    6.97897400   35.89305000  118.22940000  -26.51220000     22.615076      29.91716
   7.92346886    -47.422167    7.92355800  -47.42224200    7.32276300  -47.69783400  312.42940000  -69.34030000     342.80825    -45.454797
   8.24997718    -23.491596    8.24991900  -23.49168300    7.62640400  -23.76696700   73.03750000  -84.47030000     357.61384    -24.712786
   8.56549821    -5.7427728    8.56551900   -5.74278300    7.92884500   -6.01826900  111.34560000  -68.22730000      5.582172     -8.670593
   8.91148854    -14.735636    8.91154900  -14.73563600    8.28158500  -15.01094700  105.61510000  -77.07340000      2.174228    -17.035434
   9.19362920      44.48851    9.19350400   44.48858700    8.51166300   44.21311900  120.17820000  -18.30480000     28.560174     36.698456
   9.53334289     4.3968127    9.53344900    4.39677000    8.88885600    4.12220100  116.60940000  -58.31150000     10.486623      0.266395
   9.86692327    -35.621501    9.86700400  -35.62154100    9.25918000  -35.89590900  318.91130000  -81.13220000     352.60977     -36.14118
  10.19431069    -32.766638   10.19426500  -32.76664700    9.58480000  -33.04092400  324.55020000  -83.90770000     354.56509    -33.762907
  10.51618425     50.512542   10.51623100   50.51252600    9.81594800   50.23865100  121.40680000  -12.33140000     33.477408     41.445879
  10.82579595    -34.866574   10.82621100  -34.86656000   10.21877700  -35.14042300  315.11310000  -82.06840000     353.90866    -35.859293
  11.16913443     74.515246   11.16906300   74.51524300   10.34297500   74.24183500  122.47120000   11.64950000     58.699714     59.724084
  11.53170538    -5.6427376   11.53227800   -5.64257700   10.89382000   -5.91660300  119.32820000  -68.47730000      8.367723     -9.749874
  11.86498668     49.651276   11.86500600   49.65126900   11.15914100   49.37857400  122.27050000  -13.21540000     33.870136     40.261596
  12.20147651      20.21477   12.20149700   20.21474900   11.53978300   19.94244700  122.09230000  -42.65270000     19.200502     13.776469
  12.50936195     70.774175   12.50949300   70.77416600   11.70193600   70.50209400  122.81550000    7.90270000     53.911107     56.923299
  12.84382724    -44.368218   12.84379400  -44.36830100   12.26279400  -44.63964700  302.96970000  -72.76000000     349.24745     -44.81146
  13.16246333    -12.936827   13.16242800  -12.93679700   12.53634600  -13.20842900  124.13620000  -75.80570000      6.883525     -17.07852
  13.40830607    -28.961008   13.40827600  -28.96110300   12.80291900  -29.23176400  288.25590000  -88.10430000     359.56501     -31.66585
  13.77899350     23.416129   13.77895700   23.41624400   13.11065500   23.14484400  124.02460000  -39.44780000     21.918367     16.121562
  14.10952956    -28.656043   14.10947100  -28.65608100   13.50566300  -28.92627600  267.34970000  -88.11460000      0.370945    -31.672986
  14.41514948     45.839395   14.41518900   45.83937900   13.70498800   45.56947000  124.06530000  -17.01870000     33.374873     36.100536
  14.74455504     7.7193456   14.74452200    7.71933600   14.09482000    7.44976300  126.19840000  -55.10460000     16.552651      1.313112
  15.11576484    -60.267093   15.11574700  -60.26707600   14.60087800  -60.53635800  300.88700000  -56.82530000     334.65865     -58.00965
  15.41083745    -16.265351   15.41102000  -16.26557300   14.79066500  -16.53312700  135.73620000  -78.88260000      7.548803    -21.005183
  15.72255626     29.986132   15.72251200   29.98613000   15.03972700   29.71774900  125.88290000  -32.82000000     26.415038     21.419123
  16.01564833     50.071149   16.01567500   50.07113900   15.28556100   49.80318000  125.00830000  -12.74970000     37.154702     39.281002
  16.34761612     14.108099   16.34765600   14.10810900   15.68765700   13.84047200  128.05360000  -48.62490000     20.470894      6.606798
  16.63681703     -56.10209   16.63719000  -56.10218600   16.11179900  -56.36883100  298.59930000  -60.89890000     341.03176    -55.594333
  16.95274959     -55.96977   16.95286400  -55.96989500   16.43057000  -56.23594000  298.20440000  -61.00790000     341.42022    -55.615507
  17.28512537    -36.143223   17.28509600  -36.14340700   16.70433100  -36.40866700  281.38190000  -80.23260000     358.92496    -39.537432
