   0.00091185     1.0890133    -5.2000    -1.8800          3.54
   0.31976150     -47.79383   -14.2900    -0.6200     7.3499999
   0.63931400     18.683364   -13.1900    17.4100         10.06
   0.93490863     42.023498    76.5000    10.1200          6.04
   1.23422583     56.056959    -3.6000    -3.8300          3.49
   1.50054698    -39.137517     8.3300   -27.7500     4.1900001
   1.82562487     20.965598     4.6600  -218.7600         17.98
   2.18307102     74.214712    47.0700    21.9800     6.3600001
   2.46856966     12.710842    -6.0900    -5.7300     5.1799998
   2.77350337     4.1331073     8.4300    -6.0300     3.6099999
   3.12556151    -22.067083   215.6700   -96.1000         15.32
   3.43491480    -26.284983    -3.2100     9.8900          4.23
   3.75013144     5.5883646   -46.3900   -37.9700     6.9699998
   4.08276576    -33.469328    48.1000   -44.2500     9.3199997
   4.37630834    -59.951065   113.2000   -40.2500     22.540001
   4.67342336    -8.0526509   417.6600  -144.2000     42.669998
   5.01220748    -17.700417    37.9200    -6.7200     4.0900002
   5.34238990     67.005412    25.6700    -1.6900     4.9099998
   5.70944305    -53.224066   124.7300    11.0200     5.9699998
   5.99923139    -3.4752794    18.9400    -6.2200     8.1400003
   6.34089026     11.873989  -116.0000  -154.8800         10.87
   6.65572204   -0.04953631    69.6300     1.4900          6.71
   6.95233075     28.173881    20.7700   -14.3300     4.8299999
   7.33684537     28.827781    50.1400     1.8300    0.56999999
   7.64554250     36.169078     8.6000    -5.4300          3.54
   7.92346886    -47.422167    24.8600   -30.7400   -0.72000003
   8.24997718    -23.491596   -21.9700   -35.7500     5.3400002
   8.56549821    -5.7427728     8.4600    -4.0200         10.64
   8.91148854    -14.735636    24.2300     0.2100          3.27
   9.19362920      44.48851   -36.7000    31.7700     4.9699998
   9.53334289     4.3968127    43.5700   -17.7600         14.78
   9.86692327    -35.621501    27.1600   -16.5200     4.9299998
  10.19431069    -32.766638   -15.9500    -3.4100          1.11
  10.51618425     50.512542    12.3200    -6.4800     2.9400001
  10.82579595    -34.866574   139.9800     5.6900         12.48
  11.16913443     74.515246    -7.8500    -1.0700          1.45
  11.53170538    -5.6427376   234.5500    66.1000         12.45
  11.86498668     49.651276     5.2300    -3.0100          2.25
  12.20147651      20.21477     7.9900    -8.8200     3.6900001
  12.50936195     70.774175    17.8200    -3.8900     5.9000001
  12.84382724    -44.368218    -9.7200   -34.1800     5.7800002
  13.16246333    -12.936827   -14.2100    12.3300     7.2800002
  13.40830607    -28.961008   -10.8800   -39.1600     8.3699999
  13.77899350     23.416129   -13.8900    47.2500         12.66
  14.10952956    -28.656043   -21.2400   -15.5800     5.1700001
  14.41514948     45.839395    11.2500    -6.6300     7.4200001
  14.74455504     7.7193456   -13.4400    -4.0500     8.2200003
  15.11576484    -60.267093    -3.6400     7.3200          2.02
  15.41083745    -16.265351    72.0200   -91.5500         11.76
  15.72255626     29.986132   -15.6300    -0.7500          2.77
  16.01564833     50.071149     7.0800    -4.0200     2.9000001
  16.34761612     14.108099    15.8100     4.0500     6.6500001
  16.63681703     -56.10209    85.6800   -39.6500     8.9899998
  16.95274959     -55.96977    26.3800   -51.1700          9.71
  17.28512537    -36.143223    -9.6000   -75.4500          6.04
