# Az, Zd, HA, Dec, RA in degrees.
 158.886602240   32.556227352  -11.179355384    1.156375523    0.129016557
 172.183098621   80.269274958  -11.477398503  -47.647762692    0.427059676
 138.329781059   16.959810047  -11.817772179   18.746482437    0.767433352
  40.161430224   13.974036876  -12.113075199   42.081721828    1.062736372
  16.065080506   25.659099772  -12.410162152   56.111613489    1.359823325
 169.678861078   71.960051229  -12.668800828  -39.034091014    1.618462001
 130.109028218   15.939899103  -13.004396614   21.027032908    1.954057787
   5.286381965   42.833310117  -13.352870876   74.262798822    2.302532049
 143.764295329   22.909185598  -13.647184156   12.775205816    2.596845329
 151.889989741   30.686781879  -13.951730424    4.199644171    2.901391597
 163.894034114   55.654892923  -14.301108302  -21.988986166    3.250769475
 164.822718252   59.804174511  -14.607656400  -26.202569771    3.557317574
 148.921828320   29.775875394  -14.928072640    5.654335263    3.877733813
 166.183048032   66.897812924  -15.251538783  -33.377746501    4.201199956
 172.262911274   91.530000790  -15.018381678  -58.711070395    3.968042851
 156.497322535   42.711893232  -15.851932289   -7.982725760    4.801593462
 160.283189143   51.952491078  -16.186536403  -17.624853707    5.136197576
  10.757272666   36.438843955  -16.522534639   67.056513191    5.472195812
 169.952827937   86.176860689  -16.799469449  -52.967143370    5.749130622
 152.033307643   38.946636829  -17.175956150   -3.406403162    6.125617324
 137.223778471   25.699796530  -17.518985442   11.937692142    6.468646615
 148.694362166   36.113261595  -17.833111054    0.018210849    6.782772227
  98.657768489   16.102328559  -18.132998396   28.234782796    7.082659570
  96.060458725   16.238816885  -18.517891547   28.888608786    7.467552720
  69.499474444   16.136451268  -18.827243660   36.228343052    7.776904833
 167.040927912   81.062630695  -19.055932740  -47.271530404    8.005593913
 159.008626733   58.398622919  -19.419341087  -23.411805387    8.369002260
 149.890411343   42.067540460  -19.740865957   -5.673158276    8.690527130
 154.472651410   50.435874303  -20.084195340  -14.661827606    9.033856513
  45.770095481   20.262391441  -20.376981177   44.546036005    9.326642350
 140.489032753   33.653904507  -20.710898108    4.462941377    9.660559281
 161.932516451   70.304629464  -21.024846917  -35.524534075    9.974508090
 160.653210784   67.703134335  -21.354795576  -32.675093063   10.304456749
  34.402477051   24.563005435  -21.701982096   50.568298374   10.651643270
 160.880234421   69.852838813  -21.983848585  -34.770883779   10.933509758
   8.378920987   44.024963865  -22.362028817   74.562851878   11.311689990
 145.941257437   43.315448596  -22.707201661   -5.573019188   11.656862834
  37.316170435   24.690151984  -23.051766912   49.707095187   12.001428085
 113.474115447   23.944836038  -23.382157322   20.276813270   12.331818495
  11.620029412   40.966519762  -23.704152775   70.823278020   12.653813949
 162.765091911   79.267488549  -23.972991959  -44.235986262   12.922653132
 148.637149721   50.517901181  -24.333184794  -12.864186406   13.282845967
 156.346052945   65.158058262  -24.568410049  -28.875044870   13.518071222
 104.777274225   23.596965867  -24.960586424   23.477546312   13.910247597
 155.591353445   65.120037340  -25.269009057  -28.570306328   14.218670230
  47.347529043   24.136954968  -25.603038802   45.895698836   14.552699975
 129.475389651   34.132612118  -25.922034438    7.783984049   14.871695611
 167.254551421   93.119295717  -25.145782001  -58.772952143   14.095443174
 148.131229396   54.471923421  -26.578915090  -16.191479155   15.528576263
  87.624107512   23.082944218  -26.906415961   30.045593836   15.856077134
  39.994984699   27.131947279  -27.206222600   50.126164509   16.155883773
 118.899280240   30.786755358  -27.527124370   14.170889837   16.476785543
 164.901120530   90.426928782  -27.300090862  -55.394488557   16.249752035
 164.686780185   90.387532987  -27.619781037  -55.274373468   16.569442210
 156.268132192   73.028854653  -28.428386200  -36.042944241   17.378047374
           nan            nan            nan            nan            nan
  27.538833943   33.171591321  -29.159042355   58.721236958   18.108703528
  43.080218573   28.053680614  -29.534877009   49.335240150   18.484538182
  98.369556787   27.198187081  -29.791798934   24.475551539   18.741460107
  13.909500479   42.455118497  -30.164081748   71.159747618   19.113742921
  26.164143670   34.736481169  -30.498741182   60.326457493   19.448402355
 147.939392154   62.397779059  -30.751906277  -23.078036174   19.701567451
 135.519868913   47.188912399  -31.053976748   -4.842031117   20.003637921
  25.552569542   35.646885457  -31.439510808   61.187780614   20.389171981
 152.549910039   71.943300302  -31.703163338  -33.490063455   20.652824511
  99.420106175   29.690741355  -32.066573659   23.016881590   21.016234832
  64.819504799   27.189842245  -32.392197184   39.474822521   21.341858358
 167.926126801   99.995830765  -29.612453123  -65.361693001   18.562114297
 108.879940391   33.497413438  -33.067605215   16.848652795   22.017266388
 146.733170459   65.304240366  -33.374569532  -25.049272040   22.324230705
  85.766543721   28.955322324  -33.716837827   29.566637996   22.666499000
  28.771981353   35.826692853  -34.084764931   59.819538296   23.034426104
  55.780629010   29.408650926  -34.401329880   44.056120165   23.350991053
 128.906977159   46.963679123  -34.680950045   -1.620634415   23.630611218
   9.484900878   48.276652732  -35.093592353   77.647158137   24.043253526
 119.761969837   41.435940316  -35.347694526    6.780842022   24.297355699
  99.622346175   33.429840809  -35.666614600   21.320190995   24.616275773
 156.500976061   85.464446312  -35.808553659  -47.205588705   24.758214832
 118.428360720   41.877868885  -36.273997761    7.149032564   25.223658935
  70.978652070   30.407891659  -36.595383529   36.614924410   25.545044702
  58.959625841   30.950557538  -36.881871139   42.758918605   25.831532312
 137.648725465   59.624587469  -37.171744660  -15.862121476   26.121405833
  74.180248273   31.297725170  -37.556766968   34.918403414   26.506428142
 126.963186259   50.203011989  -37.935434167   -3.049837318   26.885095340
 120.151695509   45.638049217  -38.281862578    3.748541265   27.231523751
 135.195034417   59.093427004  -38.578254734  -14.161164038   27.527915907
  39.577355191   35.350734584  -38.952291260   54.101339713   27.901952433
  37.947777646   35.917850010  -39.201630009   55.197741514   28.151291182
  84.664932257   34.000282116  -39.481065568   28.875026086   28.430726741
 110.764094616   42.280085475  -39.839044330   10.907871023   28.788705503
 147.840024621   77.757143370  -40.097236436  -36.135616301   29.046897609
 135.110759412   61.943281505  -40.470244058  -16.351094686   29.419905231
  47.004712022   35.081629504  -40.807733837   49.966087557   29.757395011
 126.893643621   54.712547047  -41.055903854   -6.316212287   30.005565027
 131.762590064   59.757557876  -41.362990717  -12.804391147   30.312651890
   3.445598124   54.951099941  -41.954715901   85.779430790   30.904377074
  74.282877023   35.045447582  -42.074487717   34.422575682   31.024148890
 112.174207187   46.158066280  -42.387484296    7.796128951   31.337145469
 147.045512289   80.192389076  -42.637752625  -37.689095278   31.587413798
  24.816272305   42.410000102  -43.104101583   65.528122076   32.053762756
  65.549669345   35.689692861  -43.415227225   39.401089516   32.364888398
 105.850199882   44.532319808  -43.690907538   12.402574836   32.640568711
 168.576765527  107.530691244  -38.300790278  -72.259266460   27.250451451
  93.927358165   40.795690024  -44.383919365   21.267049541   33.333580538
 131.990446854   64.885200548  -44.672641381  -16.816948665   33.622302554
 153.465584251   90.919777172  -44.167993097  -50.128035605   33.117654270
  49.779180398   37.735420675  -45.338373155   48.927754546   34.288034328
 131.235369127   65.453821643  -45.602350725  -16.788725974   34.552011898
 174.315424577  114.160852690  -34.143815444  -80.734008791   23.093476618
 150.410865517   88.762616771  -45.895603684  -46.568924295   34.845264857
  99.909035977   45.299312737  -46.625606037   15.575832707   35.575267210
 127.899039486   64.014686205  -46.890532546  -13.685690847   35.840193719
 117.779768740   56.036281356  -47.238248597   -1.850258603   36.187909770
 156.819386028   95.737700654  -44.447681512  -55.992135573   33.397342685
  77.680947496   40.474356058  -47.944527008   31.340239667   36.894188181
 121.714415183   60.456908267  -48.255812623   -7.299526231   37.205473796
 145.931858753   86.046384089  -48.415733202  -41.656841056   37.365394375
 137.155287354   76.390964103  -48.887899750  -28.690796556   37.837560923
  81.182870230   42.303011854  -49.258756147   28.618803203   38.208417320
 149.595002558   90.845820987  -48.742920773  -47.688552799   37.692581946
 155.083305963   95.625002842  -46.740998173  -54.850349021   35.690659346
 135.218917063   75.917539993  -50.121522455  -27.087614252   39.071183628
 159.965414885  101.437020531  -46.456595579  -62.403277642   35.406256752
  60.045435510   42.344115000  -52.421304006   42.574703594   41.370965179
 139.953605442   82.239023332  -51.011569416  -34.895853510   39.961230589
  65.260172192   41.905175828  -51.441569449   39.128918784   40.391230622
 141.860598001   84.997449676  -51.539551633  -38.215513327   40.489212806
 143.122892972   86.686435752  -51.784130396  -40.313541703   40.733791569
 122.039582650   66.193891770  -52.302582275  -11.430167193   41.252243448
 159.177487754  102.003962441  -48.517866854  -62.346719477   37.467528027
  68.670842167   43.481816848  -52.992195926   36.612105431   41.941857099
  83.894240930   46.798992337  -53.324736417   25.347292640   42.274397591
  81.205492619   46.423799073  -53.683453115   27.310692300   42.633114288
 117.333119326   64.588093044  -53.970976251   -7.166952934   42.920637424
 105.336191906   56.946174318  -54.334370705    5.773544341   43.284031878
  94.314886373   51.833875000  -54.675431153   16.073621680   43.625092326
  80.070389391   47.398405335  -55.029330088   27.772087320   43.978991262
 161.290587667  105.455026186  -50.255722229  -66.291077205   39.205383402
  30.361792724   46.621102093  -55.679577793   63.587747332   44.629238966
 151.610800634   96.905772486  -52.649752546  -53.575316773   41.599413719
  66.950635584   45.930140610  -56.280940374   37.358736957   45.230601548
  80.997364761   49.192903277  -56.661886458   26.511666470   45.611547631
  34.023533191   46.625551164  -57.029348190   61.001294534   45.979009363
 168.137753205  111.706757890  -48.758764430  -75.286447226   37.708425603
 118.194109441   70.001631067  -57.622189598  -11.284475253   46.571850771
  18.761931403   50.424518422  -58.108004579   73.022853075   47.057665752
 149.438896248   96.765327306  -55.070042634  -51.985374083   44.019703807
  95.243014062   56.699721913  -58.690186911   13.048991966   47.639848085
  56.019873276   46.906586672  -59.014354648   45.062474947   47.964015821
  32.195256889   48.006511125  -59.337694564   62.589917485   48.287355737
  12.788732299   52.732902252  -59.684051485   78.225212177   48.633712658
 153.985893468  101.869587550  -55.866419919  -58.765419451   44.816081092
 152.619395152  100.926626848  -56.345715720  -57.147122687   45.295376893
 128.984737114   82.773587650  -60.456916194  -27.577920882   49.406577367
 118.430075400   74.237864039  -60.800877233  -14.180213117   49.750538406
  84.779005741   54.891838349  -61.162648544   21.565047571   50.112309718
 147.543399607   97.557525653  -58.100704025  -51.197761737   47.050365198
  76.681995413   52.803418450  -61.789323823   28.402226331   50.738984996
 138.667419570   91.772843449  -60.663782519  -40.780401069   49.613443692
 134.336101763   89.252187375  -61.958841638  -35.873349105   50.908502812
 151.980161931  102.093574070  -58.716644633  -57.486493885   47.666305806
 136.763548055   91.387831543  -61.947129691  -39.106384685   50.896790864
 121.360130274   79.737863944  -63.322537755  -19.888610328   52.272198929
 107.208857266   69.612645156  -63.709338646   -2.918449396   52.658999820
  37.909868661   49.822692044  -64.063126126   58.531471790   53.012787300
  75.697668977   54.905056924  -64.343811646   28.410913485   53.293472819
  86.616777023   59.256296227  -64.627768070   18.276180596   53.577429244
  71.263351963   54.165162968  -64.945430807   32.060384146   53.895091980
  84.379267516   58.989166325  -65.278931268   20.114920756   54.228592441
 102.479075787   68.786921400  -65.562094995    1.180242558   54.511756168
 100.756192132   68.081186557  -65.865261967    2.904621099   54.814923141
  70.959014249   55.179090580  -66.171837692   31.969023258   55.121498865
  16.725505268   53.343538921  -66.600881658   75.430205065   55.550542831
  68.402648985   55.022798350  -66.786306087   34.007274501   55.735967260
  87.588828063   62.403340489  -67.139562848   16.070312320   56.089224021
  34.188448439   51.669652418  -67.479898678   61.498501264   56.429559851
  75.027885083   57.943873919  -67.782112666   27.819462289   56.731773839
  48.244271115   52.458195797  -68.122210358   50.401155468   57.071871531
  65.988597462   55.754876970  -68.370356923   35.678579855   57.320018096
 108.096711115   76.203125708  -68.587227819   -7.453528823   57.536888992
 123.025084484   87.382340175  -68.678862440  -25.960806889   57.628523613
  33.111500356   52.566015711  -69.323402895   62.378319040   58.273064068
  47.371980440   53.340363393  -69.640048431   50.982303166   58.589709604
  89.186145814   66.249744606  -69.904897826   12.955609673   58.854558999
  52.175327017   54.373976394  -70.260343393   46.989180955   59.210004566
 166.068565260  114.041115089  -60.679793567  -75.393414117   49.629454740
 131.724824000   93.581783444  -68.158173622  -36.630509401   57.107834795
  91.015846379   68.796333380  -71.294327651   10.218710386   60.243988824
  75.432730587   61.852260077  -71.660956992   25.966444813   60.610618165
  65.299737235   58.684339360  -72.010022776   35.308851704   60.959683949
 108.231717902   80.682231237  -72.208134913  -10.151410980   61.157796087
 108.074409653   81.006931496  -72.568869102  -10.210454120   61.518530275
  79.580595562   64.913891007  -72.958283768   21.307396508   61.907944942
  88.102172314   69.457314791  -73.270255525   12.241720977   62.219916698
  66.434749957   60.396544285  -73.560692610   33.806168787   62.510353784
  95.548997754   74.394730529  -73.853647047    3.632732577   62.803308220
  79.507743066   66.201786982  -74.223861008   20.789690678   63.173522181
 139.313639179  101.851165402  -71.092158763  -47.591456742   60.041819936
  98.945067836   77.710708472  -74.868513656   -0.930858131   63.818174829
  62.683846731   60.686388943  -75.274690030   36.771520634   64.224351203
 141.937151390  104.164250191  -71.809696444  -51.006830756   60.759357617
 125.971689795   94.460262520  -73.176591851  -32.548881957   62.126253024
  88.054012505   72.669065814  -76.129135004   10.670963436   65.078796178
 123.252146637   93.236511635  -73.845631502  -29.627964728   62.795292675
  12.438147141   56.255194944  -76.942191634   79.405832123   65.891852807
  24.791404606   55.841852706  -77.207915590   69.156821200   66.157576763
 114.468956579   90.388109492  -76.800254223  -20.793794788   65.749915396
 114.537853675   90.710401459  -77.043888675  -21.032172214   65.993549848
  65.817187998   64.253796554  -78.092867692   32.886204911   67.042528865
  76.457528539   69.147226612  -78.417548770   21.966788515   67.367209943
  58.259886877   62.225653265  -78.798283550   39.907914304   67.747944723
  60.513932772   63.207446456  -79.080755900   37.687930896   68.030417073
 121.783167090   95.331907071  -76.786598198  -29.612633662   65.736259371
  81.765770179   73.341473337  -79.799882072   15.553660422   68.749543245
  46.226143272   59.922262470  -80.160966629   50.641302487   69.110627802
  78.662898648   72.429157426  -80.468914759   18.589610956   69.418575932
  68.898435107   68.059711041  -80.793165392   28.756993711   69.742826565
 124.510672217   98.661624451  -78.302074578  -33.705468980   67.251735751
  76.008490596   72.151858966  -81.487832769   20.945757329   70.437493942
  29.716847435   58.018794796  -81.949051728   64.870791923   70.898712901
  40.355840228   59.907546320  -82.230112798   55.566591651   71.179773971
  66.008950151   68.495580759  -82.573304218   30.996022060   71.522965391
  64.272516503   67.997413827  -82.844963179   32.668118641   71.794624353
  95.137159722   85.116186446  -83.136256317   -1.755518557   72.085917490
  83.930820196   78.704414546  -83.487905565   11.048365916   72.437566738
 139.583208676  108.678724850  -79.845163812  -51.393453538   68.794824985
  84.584650807   79.797204217  -84.107158555    9.936585982   73.056819728
  94.009982176   85.772761282  -84.291171603   -1.154990737   73.240832776
 137.826080413  108.573552999  -80.932246694  -49.874139082   69.881907867
  86.214032213   81.886403049  -85.073376331    7.478936837   74.023037504
  19.028671348   58.215462188  -85.546573749   73.859975918   74.496234922
  95.381400809   88.082608386  -85.517901349   -3.544217784   74.467562522
  42.262633241   62.755435018  -86.156708791   53.182538927   75.106369964
 127.699025180  105.134359340  -83.211893051  -39.719430348   72.161554224
  51.836263227   66.293343825  -86.686716692   43.854076190   75.636377865
 111.427994043   96.957488801  -84.488453396  -21.826424724   73.438114570
  80.507441880   81.004560216  -87.270344438   12.765436101   76.220005611
 103.052287767   93.005322960  -85.598310654  -12.656175415   74.547971827
 105.807336967   94.657598105  -85.539817545  -15.862835256   74.489478718
  98.262522330   91.726129093  -87.079174378   -7.921573575   76.028835551
  64.646161554   73.657070186  -88.595534702   29.838914970   77.545195875
  72.850858365   78.313049453  -88.834346375   20.621927478   77.784007548
 132.813430543  109.611541998  -85.526732263  -46.121815373   74.476393436
 145.480830188  114.151204325  -84.391650669  -58.696807606   73.341311842
  80.319097490   83.619507295  -89.658617366   11.572689268   78.608278540
  85.059815448   86.773624514  -89.870671346    5.896816200   78.820332519
  94.163571557   91.691045480  -89.231474417   -4.427241995   78.181135591
  78.182131283   83.401620544  -90.600042025   13.499168140   79.549703198
  49.340560780   68.641708177  -90.986475601   45.040964528   79.936136774
 118.714821298  105.141582090  -88.386823590  -32.122812477   77.336484764
 136.560134512  112.626891839  -87.446834645  -50.557810827   76.396495818
 106.149463729   99.111135409  -89.335218368  -18.470996759   78.284879541
  74.656241566   82.853961432  -92.000135032   16.774484767   80.949796206
  43.023730264   67.126551831  -92.433800297   51.007661487   81.383461470
  85.881623624   90.044985211  -92.220663669    3.469542721   81.170324842
 111.661772644  103.343318749  -90.362109160  -25.269727803   79.311770333
 138.612663928  114.376318221  -88.904770599  -52.963922252   77.854431772
  76.717783008   85.697795872  -93.397036093   13.537692548   82.346697267
  55.139449897   73.770504958  -93.873032190   37.847161634   82.822693364
  78.293836748   87.301614113  -93.937418909   11.354038776   82.887080082
  98.734610069   97.787080210  -92.065902195  -11.500021384   81.015563368
  89.106565189   93.073842654  -93.080765260   -0.869242304   82.030426433
 130.879058982  113.166009036  -91.262284594  -45.949122904   80.211945767
 139.892096078  115.913084781  -90.659844068  -54.584934282   79.609505241
  45.091168097   70.219824168  -95.526645629   47.967168149   84.476306802
  23.270506107   62.284662057  -95.850308982   69.416210327   84.799970156
  83.430676468   91.683070526  -94.918027122    4.673651421   83.867688295
  46.926694064   71.731685593  -96.356943251   45.736836478   85.306604425
 140.808838033  116.902289988  -91.837923070  -55.680013181   80.787584243
 102.392414127  102.537615813  -94.396691383  -17.015819173   83.346352556
  27.996349939   64.316046993  -97.199565982   64.760801591   86.149227155
  82.636785088   92.968685874  -96.433580089    4.656365340   85.383241262
  77.352368955   90.403719107  -97.119142900   10.488502597   86.068804073
  96.867703553  100.706102942  -95.587065447  -11.420802781   84.536726620
  91.314728125   97.789677952  -95.934649043   -5.222502596   84.884310216
 139.335351704  117.743485890  -93.932514846  -54.684350809   82.882176019
  73.406722639   89.454279350  -98.490590599   14.319411741   87.440251772
  89.814841995   98.007262814  -96.902792814   -4.072112625   85.852453988
 130.887302570  116.359446906  -95.588883894  -47.107103724   84.538545067
  82.947133353   94.442121879  -97.513780606    3.604616408   86.463441779
  88.744083403   98.359451178  -97.762054255   -3.356497930   86.711715428
 134.829954291  117.870782244  -96.079673438  -50.914172191   85.029334611
  63.188925521   85.059831628 -100.498565497   25.267877807   89.448226671
  20.575709485   63.283257785 -101.025037404   71.347514264   89.974698577
 119.908088719  114.433373421  -97.983464647  -37.163066263   86.933125820
  67.560761315   88.675257427 -101.163704176   19.633754559   90.113365349
 106.601221385  109.760833486  -99.105285126  -24.021508004   88.054946299
  64.214077623   87.339577228 -101.964883674   23.157115480   90.914544848
  51.502136579   79.492319702 -102.401653767   38.011086553   91.351314941
  56.426234770   82.915378924 -102.666013151   32.066135314   91.615674324
  81.179722266   97.160461926 -100.757570341    3.618336167   89.707231514
  87.507471420  101.373588452 -100.971925933   -3.910714211   89.921587107
 102.782846447  109.861093469 -100.989560487  -20.877752348   89.939221660
  14.545213219   62.091399316 -104.064030002   76.773988857   93.013691175
  81.752958806   98.852573397 -101.872861160    2.223753821   90.822522333
  96.079578064  107.491440968 -101.997796018  -14.169098086   90.947457192
 135.804616528  120.844259872 -100.340546554  -52.526625632   89.290207727
  25.121938307   66.761444840 -105.141967412   66.163154010   94.091628585
 137.567094376  121.423380384 -100.719790793  -54.126602430   89.669451966
  70.583667297   93.256276320 -103.373175921   14.568148825   92.322837094
  55.413502381   85.461367923 -105.808366864   31.466162550   94.758028037
  74.668208988   96.747142556 -103.992592115    9.241755190   92.942253288
  66.585817551   93.028199397 -105.541486664   17.982252209   94.491147837
 130.428028186  121.302916746 -102.782139519  -48.168680246   91.731800692
  94.355993567  109.538118316 -104.662383128  -13.753131775   93.612044302
  39.799934391   76.347503081 -107.395893900   49.319790822   96.345555073
  68.945887265   94.545606517 -105.430688972   15.182868008   94.380350145
  80.485468132  102.637520288 -105.727019391    1.206378543   94.676680564
  68.380040868   94.859367266 -106.032429457   15.465133758   94.982090630
  82.405605781  104.464663755 -106.244563395   -1.353853787   95.194224568
  90.666838018  109.515299377 -106.413257261  -10.726181545   95.362918434
  46.683237224   82.505555218 -109.067421332   40.250072882   98.017082505
 136.786882546  123.706897766 -104.748681491  -53.913089287   93.698342664
 104.083472187  116.561073600 -106.936230220  -24.918812470   95.885891393
  77.554507546  103.108388461 -107.699707115    3.327875793   96.649368288
 113.887188036  120.223375982 -107.023389566  -34.283604637   95.973050739
 106.642057757  118.206545852 -107.575521535  -27.664685027   96.525182708
   2.931073900   59.067507957 -111.497548916   87.297997550  100.447210089
 104.136916608  117.827269718 -108.187097227  -25.488552587   97.136758400
  74.141991300  102.431903118 -109.023563619    6.457446405   97.973224792
  62.444439864   94.357429261 -109.243987260   20.557852878   98.193648433
  50.269105087   87.706629775 -111.589248593   34.267708191  100.538909766
 116.347962236  122.451683541 -108.774337858  -36.996102745   97.723999031
 143.025544278  125.565335601 -106.994093261  -59.229710402   95.943754434
  51.027171958   89.093136034 -112.338107175   32.816135545  101.287768348
  59.006343825   93.443063357 -110.680990010   23.849093986   99.630651184
  43.883508685   84.292847228 -113.170466314   41.385622961  102.120127488
  83.701155638  111.168386985 -111.254597070   -5.987994838  100.204258244
 101.222562652  119.543386005 -111.068571174  -23.868092182  100.018232348
  83.006004296  111.346886424 -111.752675367   -5.534129913  100.702336540
 119.322040735  124.894248705 -110.878629629  -40.059031790   99.828290802
  76.628416090  108.200577861 -112.418730189    1.208156723  101.368391362
  66.509798994  101.484420247 -112.684068008   13.063808139  101.633729181
 101.273454542  120.873092658 -112.378039681  -24.453440925  101.327700854
  94.584894938  118.595882339 -112.857972353  -18.232540270  101.807633526
  98.140228700  120.271747325 -113.004539786  -21.750399053  101.954200960
  63.994966527  100.925809849 -113.770320671   15.363567887  102.719981845
  80.661498372  112.586066656 -113.975265192   -4.368001510  102.924926365
  49.097909616   91.115883901 -115.658243689   33.033292844  104.607904862
 101.991080689  122.688943994 -113.950582486  -25.734629420  102.900243659
  43.291608796   87.433055214 -116.855138930   39.840275317  105.804800103
  15.999350163   66.676556748 -117.414497695   73.433791373  106.364158868
  15.098136551   66.203611750 -117.718025792   74.381959240  106.667686965
  84.984047700  116.852739252 -115.532386565   -9.955817380  104.482047738
  24.150865084   72.776554339 -118.259534409   63.661443118  107.209195582
  79.923237232  114.783306878 -116.194125962   -4.995989960  105.143787135
  50.717492770   93.371061039 -116.450480705   30.340667294  105.400141878
  71.565594899  110.244920290 -116.851703896    3.932132046  105.801365069
 146.076903208  128.803813833 -113.536319559  -61.681406562  102.485980732
  28.254115689   76.898839060 -119.585026413   57.982056877  108.534687586
  52.846166802   96.548056196 -117.621335317   26.662155200  106.570996491
  40.483922101   87.981771787 -119.855806655   41.572047254  108.805467828
 112.808571354  128.566577391 -117.080955716  -35.953421152  106.030616889
 122.603950360  129.989135560 -116.850832353  -43.661930278  105.800493526
 100.129913684  126.059795342 -118.058043595  -25.606042109  107.007704769
  40.421569976   88.916414793 -120.823279242   40.981447103  109.772940415
 118.704154986  130.232945876 -117.860378548  -40.764529373  106.810039721
  33.278659318   83.010252246 -121.667128455   50.215061782  110.616789629
  81.512878919  119.757400159 -119.658263482   -8.857959277  108.607924655
  38.040791629   87.883530423 -122.028560170   43.417338299  110.978221344
  60.968645789  106.842138824 -120.434754278   13.929793527  109.384415451
 133.598924420  131.673898540 -118.319979658  -52.086734342  107.269640831
  89.680820142  124.663900778 -120.526259331  -17.286077995  109.475920504
 102.301122578  128.956281437 -120.400117442  -28.250935265  109.349778615
  48.259706930   96.959372592 -121.426204181   29.773293339  110.375865354
 153.194659232  129.661688673 -117.127358652  -67.041067435  106.077019825
  75.844767116  119.219237721 -121.918963542   -4.432177400  110.868624715
 120.964310693  132.683001410 -120.749859939  -42.821598507  109.699521112
  81.980418589  123.175837858 -122.405230086  -10.984879121  111.354891260
  96.916424958  129.125366139 -122.251822954  -24.408738866  111.201484127
 116.291533206  132.961414904 -121.790973604  -39.473920238  110.740634777
 113.621864913  132.922398941 -122.200019654  -37.545674208  111.149680827
  84.280025742  125.453043204 -123.432149835  -13.775243729  112.381811008
 113.886933135  133.359102313 -122.694394328  -37.819609955  111.644055501
  76.783430501  122.428687871 -124.137553413   -6.897246279  113.087214586
 103.494685617  132.275294961 -123.673458870  -30.167942090  112.623120043
  45.424709624   98.363679254 -124.861022440   30.808009994  113.810683613
  94.018291449  130.432986654 -124.509791096  -22.862437836  113.459452269
  68.372418182  118.732835948 -125.383181423    1.133120561  114.332842596
 150.906079203  131.928081023 -121.633520135  -64.856530012  110.583181308
 113.199819919  134.841021319 -124.649996172  -37.604683918  113.599657345
 139.886466260  134.411102251 -123.497467419  -56.501271914  112.447128592
 119.285101655  135.688724180 -124.977171500  -41.962384989  113.926832673
  31.934484198   88.273202929 -128.688324568   47.363274519  117.637985741
  96.434924707  133.036303364 -126.409799812  -25.512764158  115.359460985
  41.241534463   97.107150600 -127.386023902   34.582726250  116.335685075
  34.947669276   91.690369165 -128.696927464   42.807664777  117.646588637
 121.825582117  136.803273647 -126.316300947  -43.796950317  115.265962120
  45.114692428  102.433587584 -128.350396147   28.082595871  117.300057320
 148.869577152  133.837154394 -124.973151221  -62.929352127  113.922812394
 114.940847773  137.233313281 -127.434679291  -39.160035464  116.384340464
 104.657663533  136.440496941 -128.089464378  -32.106232392  117.039125551
  78.096140429  129.036001088 -129.167548716  -11.385069536  118.117209889
 125.764862950  137.897778449 -127.808079462  -46.482481964  116.757740635
 115.753652247  138.131007036 -128.509659285  -39.805728656  117.459320458
 172.575140027  124.367392306 -113.205867346  -83.335397179  102.155528519
  39.319944858   98.952695286 -130.600837063   34.472942519  119.550498236
  82.597580823  132.541020319 -130.493592935  -16.099767999  119.443254108
 123.602288192  139.002962455 -129.361744061  -45.032081879  118.311405234
  63.459360424  123.120663209 -131.447517768    1.622848502  120.397178941
 160.769217652  131.111500523 -126.159868706  -72.099327140  115.109529880
  26.661124595   87.267781131 -133.946576647   51.499991123  122.896237820
  50.872546834  114.001602129 -132.537778368   15.892278046  121.487439541
  30.362694343   91.674057479 -133.607276118   45.750306452  122.556937291
  40.027940372  103.017548924 -133.079845505   30.915309333  122.029506678
   8.054685259   65.783694766 -135.473383540   79.500221846  124.423044713
 132.705600183  139.846611315 -131.349017451  -50.859774754  120.298678624
  64.660502520  127.025172484 -133.791948809   -1.650645166  122.741609982
  45.177615505  110.654283628 -134.330940842   21.897776867  123.280602015
 144.725938592  138.041903938 -131.537308405  -58.947961973  120.486969579
  90.550413874  138.847373721 -134.002010005  -23.821279716  122.951671178
  41.985236566  108.308804454 -135.222772156   25.624863434  124.172433329
  44.691370819  111.903069839 -135.568786751   21.234794499  124.518447924
 122.533279302  142.225048604 -133.859524867  -44.255122465  122.809186041
  15.456689095   75.810324004 -137.962745489   67.302729256  126.912406662
  53.062076552  121.511842037 -136.362657011    9.093608505  125.312318184
  37.107605415  104.355382769 -136.656089523   31.620472435  125.605750696
  66.129132368  131.698634818 -136.690853013   -5.492587881  125.640514186
  22.894985522   87.220609029 -138.926597242   53.741323101  127.876258416
 112.233664128  143.730904178 -135.926035598  -38.071649704  124.875696771
  28.664769937   94.145989270 -137.631900013   44.769182453  126.581561186
  80.110969775  139.210190880 -137.476027166  -17.789841115  126.425688339
  26.961308952   93.032250655 -138.733622992   46.650431310  127.683284165
  24.467826053   90.798996114 -139.998345804   49.889163263  128.948006977
  33.899181004  103.665586059 -139.176212709   34.004113857  128.125873882
 163.979995811  132.372329730 -133.867337653  -73.572616285  122.816998826
  44.379165699  117.879302231 -139.782701750   16.770195712  128.732362923
 101.167796939  145.106497343 -138.630887922  -31.878845727  127.580549095
  22.526995421   89.742808982 -141.698196165   51.820819180  130.647857338
 118.602276577  145.950074885 -138.778806756  -41.755545969  127.728467930
  20.312160947   87.087563384 -142.548928017   55.240758605  131.498589190
  79.874107251  142.274139465 -140.396041131  -19.108273139  129.345702304
  49.494111305  125.838529447 -141.520133064    7.866307279  130.469794237
  68.142541403  138.653834155 -141.366929748  -10.875292379  130.316590921
 141.685425019  143.393084861 -139.537889897  -55.270394414  128.487551071
  91.564269409  146.035117280 -141.240725982  -26.866220649  130.190387156
  21.753091300   90.999592789 -143.800892116   51.139817048  132.750553290
 161.528567044  135.491955862 -138.739305695  -70.319154943  127.688966868
  41.438793609  120.343988018 -143.470823249   16.351811613  132.420484422
  18.082923255   86.301236374 -145.301124517   57.035574477  134.250785690
  34.407931257  112.069124256 -144.100981139   26.734227270  133.050642312
  44.312296518  125.072132854 -144.362513340   11.113113643  133.312174513
 134.022378967  146.858580997 -142.338355665  -49.953641074  131.288016838
 136.457771626  146.544827129 -142.580638542  -51.318283158  131.530299715
  37.429594709  118.544541142 -145.423886452   19.812850927  134.373547625
  54.524941265  135.840977090 -145.409074644   -2.101848091  134.358735817
  58.909424617  139.029662446 -145.593483199   -6.451213431  134.543144372
 160.153883541  138.006439833 -142.639403695  -68.018743016  131.589064868
  38.523273363  122.157226084 -146.681196182   16.275469222  135.630857356
   9.527083198   73.479751944 -148.521793763   72.308862807  137.471454936
  10.633017007   75.749844578 -148.802411658   69.802496935  137.752072831
  21.568984796   95.580041215 -147.412269664   47.208898646  136.361930837
  41.304814773  127.668244033 -147.909024296   10.432689942  136.858685469
  25.243251651  103.951700410 -148.263338934   38.110428408  137.213000107
  28.779268387  111.025274847 -148.641879928   30.281447069  137.591541101
 136.856014049  149.154262774 -146.534982473  -50.517505881  135.484643646
 127.891624755  151.156632027 -147.005999681  -45.642951194  135.955660854
 156.537516517  142.083214158 -146.595088608  -63.614656593  135.544749781
 122.486527918  152.369277441 -147.743264264  -42.863580609  136.692925437
  14.706832463   87.067196635 -151.545621080   57.850130279  140.495282254
  22.395387007  102.360400813 -150.568245344   40.766537887  139.517906517
 174.636347150  126.942122687 -139.912142910  -83.337699515  128.861804083
 165.769418373  136.539255640 -147.256738426  -71.782370706  136.206399599
 154.933950560  144.243780932 -148.775534251  -61.473993528  137.725195424
  25.911066026  112.016647450 -151.922336947   30.603494545  140.871998120
  65.243429253  149.383672711 -151.251777684  -15.934682128  140.201438858
  41.813394811  135.882769680 -152.292498516    3.453293550  141.242159689
  11.506191525   82.686627045 -154.042137185   63.127026447  142.991798358
 102.513307625  155.690937499 -151.033750288  -33.919169713  139.983411461
 117.670176752  155.416752881 -151.167851648  -40.181491812  140.117512821
  18.156521170   98.320908657 -153.573442636   46.147346008  142.523103809
  20.286048083  104.111075966 -153.964384087   39.998857519  142.914045260
  29.979145717  124.458093107 -154.351732700   17.849540074  143.301393873
 117.695785836  156.366309862 -152.389693923  -40.013511589  141.339355096
 142.977080549  151.840536794 -152.616961865  -51.842040578  141.566623038
  10.571298593   83.412173687 -156.518721498   62.781050142  145.468382671
  15.219142471   94.327867067 -155.458371103   50.933917235  144.408032276
  32.974465573  132.239948195 -155.859595471    9.855088022  144.809256644
   2.039761877   62.480922622 -157.727454312   85.222608454  146.677115485
  35.081087194  136.075092266 -156.376220179    5.765191135  145.325881352
  15.060164634   96.346111523 -156.773270605   49.094146386  145.722931778
  62.255345252  154.144284050 -156.099643397  -17.700233236  145.049304571
 144.613682309  153.371614889 -155.329341186  -51.551018911  144.279002360
  97.619271505  159.500178993 -155.738421275  -32.354290774  144.688082448
  19.178782667  110.885263932 -158.254926945   34.057406742  147.204588118
 157.584875352  148.046303249 -156.355894531  -59.789066920  145.305555704
  48.003116413  150.498905944 -158.153247021  -10.433708916  147.102908194
  11.361079242   91.180640641 -159.833978187   55.159331826  148.783639360
  27.124374224  131.478039319 -159.526280666   12.427322453  148.475941839
  22.391236157  123.192493123 -159.961698579   21.514074876  148.911359753
 154.043850537  151.575172634 -158.152645374  -55.954635628  147.102306547
  14.143539780  101.978919400 -160.583744492   44.024372468  149.533405665
 155.795890212  151.252093334 -158.925342093  -56.744441993  147.875003266
  16.281371633  110.780916514 -161.336669537   35.005709228  150.286330710
   7.826302864   83.871830213 -162.552019226   63.156913824  151.501680399
  11.126731292   94.622946813 -161.828347346   51.918645655  150.778008520
  20.149330266  124.340456933 -162.256420091   21.046293306  151.206081264
  18.572674178  121.308823104 -162.622441021   24.337382751  151.572102194
 169.956758177  140.121002089 -160.567979436  -70.360973461  149.517640609
  24.964962516  137.109351878 -163.145614350    7.800746051  152.095275523
 147.161346670  157.702772399 -161.538613637  -49.479153742  150.488274810
 150.022786414  156.898680752 -161.920690102  -50.822786425  150.870351275
  11.463869386  102.233666066 -164.206640239   44.466295625  153.156301412
   2.569288588   67.262664508 -165.487311966   80.503753803  154.436973139
  74.420410047  164.095086509 -162.841034643  -26.523499259  151.790695816
   9.966951817   98.949142480 -165.195966586   47.999680599  154.145627760
  59.036220860  162.644572943 -163.983164868  -22.021999129  152.932826041
  76.111807209  165.124364192 -163.706782428  -27.338932240  152.656443601
   4.097574331   75.470411518 -166.939765221   72.175933475  155.889426394
  41.601679861  158.767969515 -165.566236041  -15.282749541  154.515897214
  86.645928892  166.602694954 -164.473014535  -30.223127275  153.422675708
 169.570025306  145.334720626 -165.625383200  -65.495815859  154.575044373
 112.695721662  166.835272163 -164.916987142  -36.151442355  153.866648315
 166.303009111  150.385822469 -166.396005740  -60.167197921  155.345666913
 174.668999445  136.746890063 -166.079280968  -74.655247407  155.028942141
  18.644673866  141.021044318 -168.346030538    5.408217302  157.295691711
   8.426188483  104.527464962 -168.849377542   42.819668807  157.799038715
 125.863365185  167.230476124 -166.719831731  -38.759305289  155.669492904
 126.421223134  167.444913863 -167.036341105  -38.764394938  155.986002278
   7.215102560  101.505563357 -169.796587716   45.992426319  158.746248889
  24.936222662  155.149070926 -169.664716855   -9.029109592  158.614378029
   8.342045266  111.990169909 -170.492713960   35.465716283  159.442375134
   8.930687212  117.278401147 -170.817823521   30.157532517  159.767484694
 178.000017733  129.278982416 -168.055858122  -82.499703160  157.005519295
   2.554886969   76.054169872 -172.021824780   71.838375229  160.971485953
 174.701765710  142.208645126 -170.752516040  -69.383206265  159.702177213
  32.785595166  164.531921286 -171.232454228  -18.654821357  160.182115401
 157.839513866  163.718347173 -171.121725893  -46.748000628  160.071387066
  89.633243809  171.528976607 -170.049939924  -31.513501017  158.999601097
   6.331057633  115.564794337 -173.251593764   32.162336551  162.201254937
   3.546370482   92.875858541 -173.816004690   55.005308506  162.765665863
  10.505783878  143.905862488 -173.820996659    3.656554935  162.770657832
 175.726332326  144.203868055 -173.447505256  -67.544624270  162.397166429
   4.043760897  103.889415636 -174.540004506   43.990674157  163.489665679
   9.336346877  146.047637714 -174.799408282    1.636131367  163.749069455
   4.512892657  116.293833164 -175.249623122   31.591012750  164.199284295
   3.589618236  108.242528084 -175.568560741   39.683282394  164.518221915
 136.118454341  172.704753161 -173.667405518  -37.059506337  162.617066691
  10.523216015  157.656002576 -175.958052997   -9.927797116  164.907714170
  22.599286061  169.549524630 -175.681346614  -22.235490346  164.631007787
   5.784570107  146.739499097 -176.830584936    1.168317161  165.780246109
 178.252013988  141.414236181 -176.732820964  -70.499843454  165.682482137
   3.279022147  132.758730176 -177.505488561   15.224312159  166.455149735
   4.665235368  150.895678243 -177.729768010   -2.930505755  166.679429183
   2.907879040  140.885062570 -178.151704439    7.118750656  167.101365612
   0.536971944   80.789570233 -178.629310745   67.248591026  167.578971918
 179.183654484  143.751103912 -178.700288086  -68.197428393  167.649949259
 179.646623011  137.434291276 -179.104385894  -74.519754309  168.054047067
   0.154284349   82.282033227 -179.627595148   65.761152359  168.577256321
   0.036258151  107.805153075 -179.954777128   40.238445784  168.904438301
-179.806787725  151.640128703  179.814672112  -60.315995171  169.134989061
  -0.325139238   92.999044377  179.433296798   55.043202352  169.516364375
  -0.407186516   84.424988715  179.088015287   63.615872747  169.861645886
-178.694629786  149.985302862  178.611041658  -61.957659449  170.338619515
  -3.236042564  149.710672339  178.367770896   -1.706174411  170.581890278
  -2.140189866  124.057701834  178.059865358   23.955163938  170.889795815
  -1.685746761  103.411670656  177.696616074   44.603189225  171.253045099
  -2.514500391  116.337917838  177.352528407   31.656399887  171.597132766
  -2.938897433  117.578204408  176.979717683   30.399679176  171.969943490
  -4.559320018  134.265351752  176.641514283   13.664861839  172.308146891
  -4.465483594  128.889149332  176.324433928   19.032913551  172.625227245
  -6.010832637  138.368669168  175.955392096    9.494873231  172.994269077
-175.502426711  149.604988472  175.121768071  -62.188626598  173.827893102
  -5.349706460  125.673035625  175.308258726   22.184685127  173.641402447
  -8.281903893  142.028760595  174.890138711    5.701294063  174.059522462
  -3.017693528   92.899178690  174.737064797   55.026805862  174.212596376
 -25.169000030  165.326988168  173.476825940  -18.511950233  175.472835233
  -4.639083563  105.632887969  173.964541393   42.203343987  174.985119780
 -47.496030895  170.005811241  171.887960823  -24.945485204  177.061700350
 -25.947288543  163.610531577  172.582070609  -17.007464054  176.367590564
 -15.428462272  151.844325597  172.764694713   -4.629601165  176.184966461
-174.788666400  143.535593531  171.679007423  -68.098375066  177.270653750
 -89.357511087  171.105789332  169.561367786  -31.428786290  179.388293387
  -5.514144776  100.392858175  171.985057479   47.323320743  176.964603695
  -4.010734608   88.317402738  172.084482114   59.490980103  176.865179059
-170.638375739  150.287924087  170.427416962  -60.999492901  178.522244211
 -35.361551624  163.451799119  170.014806341  -18.075848941  178.934854832
-163.728918559  157.163677490  169.465980355  -53.502489288  179.483680818
  -6.629141486  100.139729025  170.329618117   47.428803274  178.620043056
-164.506787148  155.453206759  168.788799806  -55.195881995  180.160861367
  -4.117598508   82.469451058  170.201081017   65.275047130  178.748580156
 -45.635881309  164.240273493  168.045261321  -20.380233179  180.904399852
-174.403706762  138.596006617  167.378157182  -72.833340124  181.571503991
-161.346392522  156.179330386  167.309339000  -53.984204691  181.640322173
-156.455873178  158.879667623  166.860995749  -50.713573230  182.088665425
-163.218885040  153.835568204  166.688395055  -56.432136912  182.261266118
  -8.711911523  101.596604567  167.744294577   45.655341219  181.205366596
-169.302240719  146.053574070  165.924314705  -64.772124354  183.025346468
-173.144506419  139.036778030  165.200858087  -72.160199072  183.748803087
 -18.497389291  134.934079358  166.760146074   11.290489630  182.189515099
  -2.647325845   68.999741859  167.182728894   78.791884504  181.766932279
 -30.347535617  150.882630865  165.685315219   -6.090600742  183.264345954
-116.997849263  165.169691106  163.269097725  -37.605924329  185.680563448
 -63.666964577  163.320161751  163.707872684  -23.514348618  185.241788489
-157.539957443  154.396730406  163.399318208  -54.700124656  185.550342965
 -17.322458757  125.000636891  164.845835485   21.093986849  184.103825688
-116.540583771  164.192819261  162.043209846  -37.772643930  186.906451327
 -35.978431007  151.639241379  163.630809331   -8.024564129  185.318851842
 -31.928237469  147.572268696  163.494109218   -3.474565107  185.455551955
-142.567605888  159.156236878  161.419530982  -47.253356526  187.530130191
-143.269357591  158.676262931  161.125517661  -47.757983682  187.824143512
-148.906170558  156.448502472  160.922496574  -50.849924288  188.027164600
-151.008087931  155.271949692  160.639033707  -52.296192555  188.310627466
 -17.508779519  117.352727077  162.317002250   28.391449658  186.632658923
 -33.103881650  144.820900762  161.654585882   -1.325223760  187.295075291
 -14.263587380  105.226900417  161.674989297   40.875525775  187.274671876
-174.497009857  131.571706936  156.980482864  -79.428267977  191.969178309
 -63.586300179  158.740392951  159.661560812  -20.879269170  189.288100361
-166.105637754  142.918101718  158.474059112  -66.758673857  190.475602061
 -14.159008969  101.437743199  160.344468672   44.537945453  188.605192501
-104.603195788  161.290598331  157.804907055  -34.744823085  191.144754118
 -46.792518245  151.234010564  159.091157679  -10.627069966  189.858503494
 -13.810493827   98.050357481  159.367087923   47.874913739  189.582573250
 -29.737723186  134.615277544  159.066558175    8.782872724  189.883102998
-153.809468901  150.502221768  156.700274737  -56.672460464  192.249386436
 -15.742046669  101.918965638  158.493178385   43.607351034  190.456482788
 -47.831076618  149.343402943  157.470473070   -9.490097930  191.479188103
 -30.629184936  132.999064796  157.770361516    9.962035571  191.179299658
 -16.722215640  102.444754760  157.484941446   42.798460818  191.464719727
 -15.736762039   98.901378193  157.108220075   46.461958517  191.841441098
  -7.579726847   76.850639078  157.997533667   69.949461159  190.952127506
-160.620723181  144.332269325  154.083733458  -63.724653617  194.865927715
-112.935366645  157.985021481  154.047022769  -37.924336719  194.902638404
 -58.798618812  151.503382325  155.032906639  -14.799833580  193.916754534
 -24.978563746  118.132452146  155.657936831   25.383367962  193.291724342
 -73.175959808  154.836705093  153.961935234  -22.001386773  194.987725939
 -25.584122822  117.994553297  155.055116348   25.295465024  193.894544825
 -14.408559735   91.678253189  155.157702947   53.698303992  193.791958226
 -16.328667990   94.756830832  154.081663230   50.132878034  194.867997943
 -64.000229920  151.066611891  153.037821431  -16.455617141  195.911839742
 -46.704299982  142.007004200  153.333034642   -3.379804845  195.616626531
 -42.665755307  138.206429069  153.142871895    1.213942042  195.806789278
-154.428055655  145.639882972  150.520183574  -60.327727840  198.429477599
 -20.276383906  101.627319333  152.687219922   42.288952666  196.262441251
-112.492560082  155.066174806  150.341180365  -38.081308383  198.608480808
 -33.641688973  125.541920070  152.110013987   15.490898176  196.839647186
 -88.539739952  153.853475267  150.147640751  -27.748096954  198.802020422
 -39.886540458  132.049146986  151.301755944    7.408650530  197.647905229
-122.117129729  153.314443509  148.946890600  -42.491073962  200.002770573
 -14.718646375   87.730929358  152.022136287   57.237520144  196.927524887
 -61.895293235  146.113038580  149.750666325  -12.504715709  199.198994848
 -61.186596792  145.391007099  149.450960997  -11.733663959  199.498700176
-163.203554794  137.878965627  146.197028427  -69.612155698  202.752632746
 -27.581386295  110.539586361  149.531313448   31.233277544  199.418347725
 -48.958062630  136.767457079  148.894081026   -0.230583422  200.055580147
-124.207150012  151.391525342  146.680537378  -43.871863490  202.269123795
 -38.973610787  125.935320549  148.501904692   12.912481872  200.447756481
-113.178376513  151.838127343  146.264638694  -38.625519342  202.685022479
-128.482748426  150.104795333  145.674332950  -46.219651862  203.275328223
 -26.866901814  105.750413160  147.575471622   35.787480978  201.374189551
-155.010528857  141.471262855  144.203818488  -63.262729334  204.745842685
 -32.497036044  114.245984323  147.038735739   25.793486602  201.910925434
 -96.190401644  150.208799096  145.096718083  -30.316891307  203.852943090
  -3.885501955   63.667960870  147.926874729   83.432595928  201.022786444
 -21.823979826   93.642700909  145.718644607   48.800845882  203.231016566
-103.367738011  149.807259066  143.933797279  -33.788133760  205.015863895
 -94.059927100  148.832727367  143.847964240  -28.944808313  205.101696933
 -31.509815507  109.235571780  145.031403774   30.570212137  203.918257399
 -16.031372091   83.564935899  146.229979607   60.416500691  202.719681566
-158.808062295  137.741976353  140.615230500  -67.473473524  208.334430673
 -24.803007470   96.287747749  143.836345624   45.038851714  205.113315549
 -16.219899172   82.978308772  145.320468023   60.841008137  203.629193150
 -33.162816250  109.222685404  143.486979354   29.761926595  205.462681820
-102.687375479  147.747937673  141.542874933  -33.165143687  207.406786240
 -28.902049990  101.405611676  142.703284185   38.567792313  206.246376988
-153.044121694  139.591237992  139.183201010  -63.284861783  209.766460163
 -63.996030954  136.904905439  141.720789589   -7.604791066  207.228871584
 -80.114778522  142.972800868  140.979745080  -19.562270309  207.969916093
-155.227885222  138.101656922  137.984118101  -65.288133547  210.965543072
-146.874726732  141.246742687  138.319675343  -59.041542527  210.629985830
 -34.250348724  106.843021207  140.973202272   31.189875030  207.976458901
-114.739731467  146.037040742  138.818817623  -39.594023738  210.130843550
-118.437773409  145.655859936  138.378912441  -41.678024541  210.570748732
-156.338885940  136.753197272  136.114483840  -66.631078027  212.835177333
 -30.469925961   99.296162268  139.563678510   39.507140853  209.385982664
 -49.693259480  122.770972856  139.362613943   10.078977338  209.587047230
 -49.101460941  121.771011246  139.080312402   11.162171212  209.869348771
-122.987867923  144.317141964  136.803368728  -44.375741484  212.146292445
 -48.819507555  120.672204589  138.533551614   12.151501823  210.416109559
 -48.295280172  119.726507898  138.253872904   13.163999432  210.695788269
 -58.379562544  127.967365369  137.814561644    1.436802839  211.135099529
-142.910629156  140.313263165  134.866036431  -57.087617392  214.083624742
 -71.499781058  134.928663901  136.924938544  -10.555165189  212.024722629
-142.239976797  140.129445219  134.289905050  -56.742644511  214.659756123
 -22.134640672   85.578505088  138.418712743   55.526244419  210.530948430
 -27.608636995   91.936393539  137.041677749   47.182957347  211.907983425
 -51.347178858  119.582613611  136.125004828   11.511871045  212.824656345
 -76.321334718  135.290462717  135.311447659  -13.591241266  213.638213514
-117.595274153  142.130914506  133.666691983  -41.229518676  215.282969191
-152.565474345  135.919345510  131.412787544  -64.698592901  217.536873629
  -7.100930542   65.117910384  136.812826386   80.569008105  212.136834787
-100.346199955  140.368275896  133.372731671  -30.319395443  215.576929503
-158.140926833  133.244648085  129.486501091  -69.426002683  219.463160082
 -47.407190447  112.521488468  133.963484073   19.129115595  214.986177100
 -76.524069713  132.863264988  133.123150250  -12.422215497  215.826510924
 -67.854341410  128.148694917  133.073700546   -4.324992526  215.875960627
 -40.234455378  103.147811648  132.995805654   30.686790645  215.953855519
 -94.505697943  137.694519077  131.778840298  -25.867792308  217.170820875
 -41.345172487  103.641694437  132.402808100   29.615118968  216.546853073
-115.666573119  139.662875627  130.503371344  -39.889591968  218.446289829
-108.222043376  138.972463476  130.441717805  -34.990236187  218.507943368
-135.404612986  138.119950536  129.041600939  -52.881916996  219.908060234
-144.487072964  136.240957220  128.083498451  -59.308288493  220.866162722
 -63.057019063  121.986915401  130.808533952    2.619168131  218.141127221
 -53.423310101  113.825475298  130.671895078   14.400777260  218.277766095
 -33.306835056   92.689345991  131.286689335   43.115503155  217.662971838
 -38.273993562   96.844449868  129.869052840   36.745404437  219.080608333
 -51.672757894  110.959479439  129.783887823   17.579505125  219.165773350
 -85.246098149  131.848040150  128.886962502  -17.501390603  220.062698671
 -17.063343336   73.575024441  131.087418800   68.072926971  217.862242373
 -82.758814683  130.244731860  128.349495999  -15.088433913  220.600165174
 -96.874614014  134.299228927  127.600982382  -26.252784177  221.348678791
-151.655217446  132.867581801  124.122380021  -65.143794713  224.827281152
-154.846092208  131.772413159  123.260380521  -67.721797777  225.689280652
 -26.553784668   82.950986717  129.501546633   54.901772021  219.448114540
-149.461436004  133.013157820  123.451762013  -63.557590301  225.497899160
 -67.107031597  119.699604586  126.826430135    1.402099231  222.123231038
 -42.730417455   97.570763235  126.469806554   33.234620059  222.479854619
 -65.851827382  118.038552403  126.222261979    3.300209166  222.727399194
 -19.523077275   74.365202864  128.032092508   65.884590840  220.917568665
-135.848530388  134.518680451  123.127706978  -53.625539244  225.821954195
 -57.352383545  110.205255775  125.373039877   14.284961165  223.576621296
-147.319418455  132.451928720  121.483217156  -62.149007042  227.466444017
-153.727784335  130.796047791  120.203914763  -67.186559494  228.745746411
 -61.678905529  112.608864651  124.473856963    9.677932159  224.475804210
-122.413394404  134.035986621  122.444469293  -44.015560809  226.505191880
 -24.962305593   78.402816606  125.919627367   59.304282574  223.030033807
 -53.720190769  104.703778388  123.611703364   20.565039187  225.337957809
 -17.359317378   70.956164298  125.433078816   69.748524897  223.516582357
 -18.815601778   72.109959761  125.151969695   67.951623444  223.797691478
 -15.096710453   68.778704321  124.879267988   72.785294040  224.070393185
 -48.818127052   98.601647782  122.357259504   28.243510815  226.592401669
-123.887192153  132.635571939  120.349839510  -44.952081199  228.599821663
 -26.436952497   78.358279968  123.895408178   58.309516413  225.054252995
 -30.851757636   82.304172616  123.523332426   52.439425243  225.426328748
 -62.915623351  109.367105851  121.200546071   10.890031486  227.749115102
 -42.925148264   92.207793231  121.678492498   36.900167920  227.271168675
-108.357072600  129.655299243  119.482164004  -32.921477913  229.467497169
 -66.911289444  111.176757298  120.240018751    6.837750574  228.709642422
 -61.585829384  106.745489394  119.967501945   13.539356695  228.982159228
 -57.012350935  102.555436899  119.632424011   19.623847171  229.317237162
-149.169277933  129.423403049  115.370100857  -64.014006800  233.579560316
-154.385475869  128.288012643  114.004565975  -68.194813911  234.945095198
 -53.644573456   98.475918947  118.659900557   24.799906550  230.289760616
-115.738505073  129.179045654  117.133431683  -38.314791968  231.816229490
 -32.112790116   80.725624046  120.228609537   52.612379354  228.721051636
-168.246354009  124.074737492  105.298962579  -79.925492759  243.650698594
 -83.205074861  117.877592657  117.250562970   -9.134027350  231.699098203
-112.766234677  127.693709624  116.053214770  -35.691539882  232.896446404
 -35.633866653   82.752355751  118.949348008   48.663781254  230.000313166
 -85.405878472  117.980996321  116.323960571  -10.854166838  232.625700602
-118.633425146  127.909334798  114.882640633  -40.239119926  234.067020541
-123.820806159  128.311398774  114.336399937  -44.319941112  234.613261236
-139.757783049  128.521656344  112.788326355  -56.754896468  236.161334818
 -82.291138541  115.030508346  115.241375697   -6.939089641  233.708285476
 -53.027572388   93.589684952  114.941251929   28.433933682  234.008409244
 -92.971574084  119.489855373  114.370698022  -17.387398401  234.578963152
 -26.222165973   73.393974903  116.652831597   61.720944813  232.296829577
 -71.274820783  106.750612104  114.182240060    6.216179342  234.767421113
 -16.685999686   66.668262249  116.159097701   72.918394724  232.790563472
-159.942843247  125.242899724  106.608386746  -73.004776377  242.341274427
 -31.860805932   76.840371571  115.445382933   55.304709205  233.504278240
-120.484752325  125.682091426  111.575287965  -41.173375163  237.374373208
-120.994621707  125.542992139  111.264456473  -41.543151948  237.685204700
 -72.540163322  105.388291637  112.355683407    6.026764951  236.593977766
-140.460617857  126.570915431  109.166917667  -57.229309384  239.782743506
 -50.093668987   89.635105815  113.537780740   33.207332394  235.411880433
 -72.759344527  104.483863258  111.491028731    6.378818246  237.458632442
 -82.940488512  110.497014415  111.063695443   -5.028799144  237.885965730
 -71.545181482  102.877227824  110.862378233    8.272005787  238.087282940
 -43.013418862   83.161395254  112.692308499   42.764836264  236.257352674
 -95.702095093  115.946177581  109.902076322  -17.901003130  239.047584852
 -52.320533865   89.493095840  111.765915045   31.552017039  237.183746128
 -50.399986348   87.892920449  111.669894568   34.050094894  237.279766605
 -81.584019730  107.579544154  109.292321548   -2.377148759  239.657339625
 -59.219959389   93.059093658  110.205523717   23.911533243  238.744137456
-108.532651961  119.344581561  108.038244290  -29.633468071  240.911416884
-136.698141075  124.423906520  105.971097532  -53.952940971  242.978563641
-125.642830418  122.934287041  106.529927991  -44.645365164  242.419733182
 -57.679925506   90.820010695  109.250353194   26.487466342  239.699307980
 -92.054165202  111.249093091  107.283931915  -12.718758687  241.665729259
 -24.940083169   68.677112986  109.428658574   65.384696938  239.521002599
-104.441602479  116.112295731  106.338140501  -25.021033511  242.611520672
-162.009240877  122.893723922   98.354857443  -74.803612999  250.594803730
-105.644344815  116.030568206  105.753855961  -25.967456383  243.195805212
 -45.228499017   80.598164868  108.116867575   42.530466623  240.832793598
 -54.603656725   86.897921545  107.727878410   31.289949050  241.221782763
-120.948685130  119.934181981  104.159301326  -39.958758976  244.790359847
 -43.077062776   78.420563014  107.302343050   45.509358137  241.647318124
-122.614553119  119.867387204  103.483675317  -41.310454239  245.465985856
 -92.765456305  108.260988406  104.290387649  -11.813102297  244.659273525
 -71.223409628   94.632708184  104.173942108   13.265161831  244.775719065
 -55.651128325   85.832857764  106.004691112   31.058752735  242.944970061
-102.215426706  111.918773526  103.209599893  -21.353350513  245.740061280
 -70.842741365   93.330787933  103.286632753   14.312364048  245.663028420
 -80.474800810   99.397655731  103.017883273    2.986217712  245.931777900
 -66.241971788   91.137042479  104.110289137   19.344638757  244.839372036
 -92.648820817  105.839680460  102.215652639  -10.497058122  246.734008534
-122.081393831  117.596594678  100.849297671  -40.131711053  248.100363502
 -36.110103203   71.690117646  103.990232882   54.787874309  244.959428291
-120.542731873  116.678480038  100.354399067  -38.528200577  248.595262106
 -71.535823911   92.650288655  102.305196019   14.119995684  246.644465154
 -83.258627528   98.472684297  100.748628974    1.176297895  248.201032199
 -95.253305585  105.139765423  100.307479140  -12.311114746  248.642182033
 -18.135490618   62.921672368  102.536067772   73.506027334  246.413593401
-108.370277343  110.815224275   99.319932027  -25.977795996  249.629729146
 -15.336882753   61.810540128  101.890161316   76.217676693  247.059499857
 -74.944101306   92.733309105  100.443443151   11.239144412  248.506218022
-168.632547992  120.549206285   84.743632166  -80.185531209  264.206029007
-127.240968527  116.356763341   97.165065135  -44.031722311  251.784596038
-166.924241577  120.531820435   86.171550245  -78.737380808  262.778110929
 -81.797482871   94.120317860   97.859727580    4.744284546  251.089933593
-107.599720116  108.250457632   97.160631049  -24.166556806  251.789030125
-100.033164553  104.191971931   97.083029918  -15.846858095  251.866631255
-114.642567301  110.725163562   96.299910420  -31.210019970  252.649750753
 -63.215354043   83.301125853   98.841331895   26.198014385  250.108329278
  -8.782349823   59.518578534   98.809655578   82.348302478  250.140005595
-111.860734503  108.641979877   95.486942677  -27.939019326  253.462718496
 -54.198628773   76.990679029   97.972394129   37.065679963  250.977267044
 -52.944129417   75.966281466   97.626901465   38.634968059  251.322759708
-130.390142973  114.658666089   93.496605897  -46.093348285  255.453055277
-141.505334040  117.276626069   92.137840912  -56.384680311  256.811820261
 -54.780800717   76.093992206   96.644698618   37.025202821  252.304962555
-142.154405148  117.062848205   91.450025833  -56.870485522  257.499635340
-114.263981172  107.542067038   93.183112249  -29.470514334  255.766548924
-132.376586856  114.107160744   91.777650219  -47.574908720  257.172010954
 -42.198093460   68.785640052   95.338191671   51.030630796  253.611469502
-124.284805602  110.904536247   91.797200704  -39.444457275  257.152460469
-134.886273728  114.265317879   90.724775727  -49.761903240  258.224885446
  -3.709818813   58.379306509   95.097152629   86.829004636  253.852508544
 -70.656356595   82.796436823   94.126620277   20.193101847  254.823040896
 -35.125934207   65.106828567   93.894752370   58.457696948  255.054908803
-143.973807529  115.931902206   88.492409139  -58.054020455  260.457252034
-129.289572290  111.307130359   89.686243192  -43.857658223  259.263417981
 -73.693225256   83.199457491   92.829123598   17.411077889  256.120537575
-134.755015840  112.767411985   88.664031901  -49.082521564  260.285629272
-137.401035260  113.399701522   88.100252126  -51.571548337  260.849409047
 -91.383964839   91.790965886   90.787797587   -2.121780453  258.161863587
 -20.685037507   60.291856703   91.791267439   72.124342235  257.158393734
 -59.872519826   73.866146954   91.339222555   33.790838902  257.610438619
 -42.640227149   66.024651484   91.017225997   51.753571903  257.932435176
-109.422483061   99.745168802   88.160840973  -21.570982911  260.788820200
-110.078914998   99.782155951   87.839899150  -22.146443162  261.109762023
 -73.077771996   79.733974311   90.023200892   19.714554913  258.926460281
-147.103406784  114.767417211   84.431581262  -60.297013088  264.518079911
 -58.197003873   71.336005372   89.483364723   36.369961890  259.466296450
 -54.269376622   69.281228207   89.164515705   40.592762782  259.785145468
 -68.522503170   75.961515761   88.869573182   25.452202873  260.080087991
 -65.937376109   74.328940865   88.605800659   28.427617616  260.343860514
 -72.623090322   77.578783892   88.271336594   21.180612109  260.678324579
-136.897754054  110.390025438   84.061758313  -49.913461620  264.887902860
 -75.514948957   78.566933681   87.681441953   18.235533134  261.268219220
-154.126330347  115.531553508   80.764854823  -66.487738995  268.184806350
-121.042675848  102.431274708   84.274450754  -32.765658080  264.675210419
 -81.245348465   80.835970234   86.738868490   12.226800788  262.210792683
 -52.270207007   66.325382966   86.518828233   43.474361847  262.430832940
-130.364634888  106.241329480   82.846852903  -42.500690838  266.102808270
-127.507226124  104.630489961   82.760689902  -39.310671697  266.188971271
-137.214377649  108.848264473   81.724196169  -49.488689034  267.225465004
 -22.887420845   58.535133892   85.353170474   70.559436675  263.596490699
 -39.482561018   61.314199702   84.990329970   55.948200004  263.959331203
 -86.511559101   81.508656757   84.593551269    7.424086521  264.356109904
-117.387862940   97.688993940   81.738518472  -27.232534098  267.211142701
-117.332479148   97.324421487   81.424617983  -26.991993661  267.525043190
 -96.307179644   86.393031318   83.592031062   -3.424179125  265.357630111
 -76.736073327   74.581402905   83.403113839   19.170316664  265.546547334
 -78.910894099   75.478883327   83.145686983   16.898826324  265.803974190
 -53.433282888   63.878800610   82.852043002   43.382808923  266.097618172
 -23.137417535   57.657451272   82.669465613   70.444790929  266.280195560
 -88.791820761   80.017372746   82.130973446    6.278897606  266.818687728
-127.016363902  100.838421631   78.930908423  -36.957089987  270.018752750
 -75.798040648   72.199031644   81.633699366   21.100113376  267.315961807
 -72.782046146   70.356181623   81.298921960   24.485195341  267.650739214
 -52.297668349   62.147535341   81.046969960   44.913845550  267.902691213
 -35.022421626   58.169266706   80.770374193   60.397228802  268.179286980
-113.407717362   92.372256879   79.196664360  -21.019412473  269.752996813
 -98.172170818   83.420774718   80.081070310   -3.392113027  268.868590863
-158.476466708  113.927399975   72.468679445  -69.409373261  276.480981728
-152.960954100  111.778141300   73.757154498  -63.915091012  275.192506675
-127.953573161   98.945640500   76.317764198  -36.710366585  272.631896975
 -48.232526899   59.629408272   79.024816505   49.043013116  269.924844668
-142.717732994  106.705362689   74.631738026  -53.008805141  274.317923148
 -55.731150092   61.164744441   78.435804690   42.358917878  270.513856483
 -16.802001848   56.256152260   78.253622041   75.788170013  270.696039132
 -41.295965867   57.545660736   77.863209917   55.277020683  271.086451256
-151.993289758  110.416167533   72.120503680  -62.457245887  276.829157493
-132.248770227   99.772131672   74.181018735  -40.693594907  274.768642438
 -83.788835616   71.259117722   76.940749629   14.890898102  272.008911544
-113.974756992   89.376485971   76.208091803  -19.814414644  272.741569371
-160.878259384  113.605286816   68.460259299  -71.173510846  280.489401874
 -79.826011037   68.343956482   76.110284006   19.548835517  272.839377167
-141.135021496  103.870399545   72.105915772  -50.196482082  276.843745401
 -60.412506708   60.237887249   75.565276965   38.784816590  273.384384208
-144.832675882  105.539251779   71.140306322  -54.098414163  277.809354851
-124.969774832   92.998891411   72.466419202  -30.884478390  276.483241971
 -34.378731760   55.118822792   74.683195753   61.296771122  274.266465421
 -99.603258251   77.376612525   74.237405710   -1.286570381  274.712255463
-103.311099474   79.406740092   73.918574108   -5.435045913  275.031087065
-128.755892643   94.193414088   70.960248699  -34.639705747  277.989412475
-119.629180573   89.659373373   72.942476765  -24.601669207  276.007184408
-113.936144852   85.512697737   72.892053030  -17.563798809  276.057608143
 -89.531633252   69.650366319   72.757156748   10.985267987  276.192504425
-111.220877972   82.989109179   72.388282051  -13.898975117  276.561379122
 -91.008480185   69.779215187   72.157461482    9.725304290  276.792199692
-157.806498844  110.585555353   65.594306106  -67.150273011  283.355355067
 -66.639211015   58.711674553   71.578898629   34.220188795  277.370762544
 -56.309690359   55.872204803   71.310973985   43.356325530  277.638687188
 -39.752779310   53.560166954   71.052683331   57.049290341  277.896977842
 -63.768686321   57.183383802   70.752928761   37.013605767  278.196732412
-146.881513041  103.595176612   66.452976933  -54.598663556  282.496684240
-119.497121019   86.149996006   69.947183642  -22.412964152  279.002477531
-132.410025038   92.998079881   67.058131433  -36.806999059  281.891529740
 -77.908091250   60.709151352   69.526289798   24.453444123  279.423371375
-138.325329031   96.826242623   66.163239265  -43.800690771  282.786421908
 -54.335690219   53.810534134   68.982878438   45.377629283  279.966782735
-128.792473094   90.919082451   67.806051988  -32.682088228  281.143609185
-153.268209062  106.356653033   63.559082405  -61.181738260  285.390578768
 -55.006367475   53.294358532   68.118506272   44.946309041  280.831154901
 -90.022322709   64.361258055   67.832958344   13.221504919  281.116702829
 -42.584722997   51.784061279   67.639962177   54.908674962  281.309698996
-136.843412760   93.961838881   64.425803224  -40.845665036  284.523857949
-123.380507961   85.518578381   66.811255536  -25.089447059  282.138405637
-119.188517321   81.945428085   66.578143497  -19.605072583  282.371517676
-125.201016243   86.274649909   66.203369271  -26.979045265  282.746291902
 -93.761999466   64.301592874   66.059430060   10.331821008  282.890231113
-173.039854151  116.258563299   48.607407574  -81.670783198  300.342253599
-107.637504856   72.081138870   65.479411802   -4.689966440  283.470249371
-152.317190650  103.893995223   60.878036930  -58.919339096  288.071624243
-140.885869160   94.987620870   61.916844101  -44.573862270  287.032817072
 -75.789011667   55.241126174   64.670025813   28.220970747  284.279635361
-121.671874862   81.157237558   64.283546489  -21.028107759  284.666114684
-145.259152850   97.796946067   60.780093448  -49.690554690  288.169567725
 -64.694633613   51.682600403   63.830279024   37.785044360  285.119382149
 -77.328085942   54.639196536   63.521320065   27.263978810  285.428341108
-147.212567703   98.675848309   59.775274339  -51.716672836  289.174386834
 -88.490123325   58.251937701   62.922547242   17.307920435  286.027113931
 -79.340823585   54.451438817   62.647095922   25.810862703  286.302565251
-152.797898902  102.455708972   58.209625692  -58.321385644  290.740035481
-158.412653713  106.503606656   56.799039682  -65.065440187  292.150621491
 -96.909116164   61.037970319   61.758026631    9.612852615  287.191634543
 -94.796287555   59.654470772   61.504459364   11.898223204  287.445201809
-142.080022574   93.008962330   58.749650336  -44.121125358  290.200010837
-146.912240190   96.620272821   57.711055996  -50.097900090  291.238605178
 -93.754272307   58.165403190   60.636393189   13.413534790  288.313267984
 -51.439852984   47.613867751   60.386769712   48.368163851  288.562891462
 -55.741647406   47.665761976   60.112822000   45.194915645  288.836839173
 -77.970357748   51.338626105   59.832560181   27.951609131  289.117100992
-162.647873981  108.454991435   53.332658296  -69.347518728  295.617002877
-106.521702806   63.562264370   59.161279057    1.122958294  289.788382116
-130.682400919   82.309098929   58.781796879  -28.507174221  290.167864294
-133.104560491   84.214541640   58.487232094  -31.565153121  290.462429079
 -41.313155520   46.564731813   58.422395258   55.756902196  290.527265916
-141.783242640   91.033610196   57.079442765  -42.535493017  291.870218408
-156.536321113  102.669080747   53.485575824  -61.095440254  295.464085349
-120.378863927   71.529696661   57.431075932  -13.844736350  291.518585241
-108.513423487   62.387512637   57.168050066    0.377651830  291.781611107
 -80.120271471   49.170631557   56.896517556   27.141942635  292.053143617
 -83.130747092   49.752852020   56.590109990   24.797407019  292.359551183
 -81.735425056   49.076275608   56.320222954   26.030754948  292.629438220
-140.042879884   87.853027458   55.735287163  -39.055626426  293.214374010
-119.426171923   68.572443414   55.751231919  -11.225830822  293.198429254
 -72.747003989   46.190928742   55.477231324   33.229380552  293.472429849
-105.914604348   58.261284737   55.137516331    4.621030223  293.812144842
-157.821807161  102.043450056   50.688383069  -61.500306278  298.261278104
 -85.536668386   48.539872686   54.603902642   23.572763598  294.345758531
-121.670261176   68.454659904   54.241951132  -12.707128824  294.707710041
-111.800939954   60.531220161   53.943345467   -0.799771556  295.006315706
 -82.437886386   46.783946017   53.724070633   26.346193358  295.225590541
 -76.613719339   45.131091185   53.416914150   30.837805121  295.532747023
 -41.753406720   43.515588849   53.168561435   55.049570001  295.781099738
 -12.771165810   51.181855869   53.023804045   77.549629799  295.925857129
 -85.876484628   46.587791919   52.525900242   24.082911264  296.423760931
 -88.014429773   46.960845724   52.245619235   22.501898980  296.704041938
-105.083714231   53.867402884   51.896744671    7.687226681  297.052916502
 -45.496957913   42.206772085   51.638978815   52.333754565  297.310682358
-150.240142651   92.895347696   49.996104972  -49.671475589  298.953556201
-165.821516219  107.578243394   45.068240208  -70.741272540  303.881420965
 -95.342832005   47.988812524   50.748355994   17.189277501  298.201305179
-144.173769223   86.067319782   50.212539004  -40.541682681  298.737122169
 -85.911552356   44.240969224   50.117010302   24.921835461  298.832650871
-146.675610039   88.133254682   49.458628554  -43.735167194  299.491032619
 -57.527366795   40.217616801   49.552199745   44.289551253  299.397461428
-120.114098348   60.493329097   49.236535899   -6.303505998  299.713125274
 -84.100399497   42.689982691   48.977170756   26.625934786  299.972490418
-131.113912480   69.621904249   48.643655913  -19.797037903  300.306005260
-144.166214208   83.752309838   48.279621118  -38.768171115  300.670040055
 -66.753250838   39.446577668   48.172392110   38.424364833  300.777269063
           nan            nan            nan            nan            nan
 -22.919872921   45.220320603   47.692185686   68.050237343  301.257475487
-143.275385977   81.401077391   47.262129681  -36.389405121  301.687531492
 -54.193836378   38.599465558   47.115948635   46.329292912  301.833712538
-146.095145730   84.088860371   46.620374066  -40.235650334  302.329287107
-119.031842990   55.929621653   46.467881090   -2.554407630  302.481780083
 -99.589769116   44.718421588   46.216950354   16.059385748  302.732710819
-130.261862895   64.931824722   45.921885437  -15.809290331  303.027775736
-143.029024520   78.873283701   45.561904786  -34.262202488  303.387756387
 -46.059530241   38.233321002   45.417975826   51.269678168  303.531685348
 -22.594212271   44.278835271   45.207320311   67.791957787  303.742340862
-142.901059728   77.583524479   44.728082682  -33.167600640  304.221578491
 -80.642104277   37.940700007   44.552469735   30.147895976  304.397191438
-161.269810483   98.642595487   40.779393394  -60.918404751  308.170267779
 -62.091564148   36.126460957   44.013691894   41.424841276  304.935969279
-134.766575690   66.368699759   43.661388786  -19.586743737  305.288272387
-168.054657566  106.640459902   38.073015044  -71.241186030  310.876646129
-158.771230452   94.404274187   40.230938911  -56.015249269  308.718722262
-149.696953818   83.949999327   42.695734818  -42.272914251  306.253926355
-103.580297633   42.310408959   42.619301234   14.909685638  306.330359939
 -66.468807559   34.844144081   42.304307553   38.896759715  306.645353621
-124.715901492   54.144141615   41.947060047   -4.681047914  307.002601126
-146.797148978   78.412926598   41.598007862  -36.097020459  307.351653311
-138.425494562   67.190077428   41.397126289  -22.327291660  307.552534884
-134.659986704   62.445715605   41.122436764  -16.492730783  307.827224409
-102.111063732   39.769735161   40.856186138   17.033847275  308.093475035
-106.284263148   41.132632735   40.600597191   14.013225608  308.349063982
-100.859748737   38.740373349   40.319826094   18.227641887  308.629835079
-131.835930563   57.718799531   39.965739244  -11.290016879  308.983921929
 -45.043014418   34.667406417   39.684003047   50.923979321  309.265658126
 -43.991209973   34.691022651   39.420319252   51.499668130  309.529341921
 -88.477556392   34.294966330   39.102500272   26.741095512  309.847160901
-112.041465240   41.612970640   38.776329819   10.617942290  310.173331355
-128.961092379   52.694802246   38.450706599   -5.945574691  310.498954574
 -72.986076303   31.809883618   38.249069670   35.495305852  310.700591503
-100.381479230   36.007506938   37.914976714   19.771310954  311.034684459
-165.425144631   99.528386906   34.232875214  -63.822665600  314.716785959
-142.286860488   65.477372980   37.204466238  -23.015218725  311.745194935
-114.567505758   40.616228908   36.943464139    9.911340834  312.006197035
-174.897058203  112.884318763   27.751094300  -79.863945573  321.198566873
-116.442200110   40.959851703   36.430955230    8.744279199  312.518705943
-160.844272537   91.862441731   34.785697712  -54.910057838  314.163963461
-131.453046896   50.925673778   35.798335955   -5.879252179  313.151325218
-155.757943905   83.533676930   35.352960644  -45.162211409  313.596700529
-113.455995954   37.918963535   35.213183694   12.121665169  313.736477479
 -66.267981298   29.118591426   34.942206662   38.942886753  314.007454511
-157.931633009   86.093798738   34.413811115  -48.452659093  314.535850059
-133.165737528   50.161181903   34.281765877   -6.120401474  314.667895296
-143.493229834   61.605946846   33.937965233  -20.379936759  315.011695940
-117.667560295   38.009325500   33.632785199   10.044752078  315.316875974
 -90.683398878   29.280648109   33.348663493   27.174451404  315.600997680
 -53.736629859   28.679572262   33.076610805   44.844693041  315.873050368
           nan            nan            nan            nan            nan
-157.598245204   82.470259784   32.358394116  -45.096909402  316.591267057
 -45.878268527   29.358778558   32.202807232   48.667841221  316.746853941
-135.176385295   48.212213801   31.873488940   -5.509530927  317.076172233
-136.106185667   48.647112577   31.572849737   -6.273458132  317.376811436
-141.372768785   54.125107867   31.290625976  -13.116214320  317.659035197
 -78.892869130   26.077695934   31.022544030   33.178105526  317.927117143
 -64.681788779   25.903588236   30.728493312   39.390739320  318.221167862
-158.007226089   79.934556679   30.280500372  -43.007900735  318.669160801
-152.690868534   69.184574566   30.056571383  -31.104344422  318.893089790
 -88.681023591   25.815127345   29.855228141   29.009776592  319.094433032
 -49.445831825   26.710762236   29.516005462   46.116083788  319.433655711
-143.176204189   52.528842770   29.163320154  -12.535248429  319.786341019
           nan            nan            nan            nan            nan
-156.407968603   73.542127430   28.546880112  -36.564736200  320.402781061
-162.275124057   85.647840175   28.160955459  -49.967488833  320.788705714
 -19.139723494   37.269239224   28.064185268   65.037350242  320.885475905
  -9.037157716   45.972697733   27.839825016   76.005005504  321.109836157
 -26.999267243   32.258533998   27.483997828   58.328974647  321.465663345
 -68.299822803   22.905489452   27.142960530   37.563543271  321.806700643
-140.911577902   45.375598937   26.800139161   -5.561441713  322.149522012
-156.067693959   68.578598166   26.415400293  -31.912925550  322.534260880
 -21.605882063   34.391339977   26.226547303   61.924111336  322.723113870
 -11.533291299   42.411138242   25.983989999   72.074187888  322.965671174
-102.587542454   23.812230608   25.589749639   24.177525005  323.359911534
-130.799914916   33.992428212   25.263562498    7.404533932  323.686098675
-151.420401119   56.454460475   24.969150430  -19.177763363  323.980510743
-158.022593031   68.996892605   24.622792103  -33.012371429  324.326869070
 -32.474949549   27.493747431   24.397680113   53.124111565  324.551981060
-129.363810981   31.301360912   24.066598574    9.942486357  324.883062599
-169.319078008   93.889041778   21.840851361  -60.195822321  327.108809812
-150.307602063   51.127352232   23.417293545  -13.984254296  325.532367628
-160.240907200   70.843738998   23.093158230  -35.492935171  325.856502943
 -96.932302541   20.309702506   22.844849579   27.440324889  326.104811594
-142.299805405   38.779371975   22.521312810   -0.450141711  326.428348363
-132.718680861   30.545969164   22.239113133    9.397956641  326.710548040
-148.312644226   44.746260845   21.904733979   -7.604683091  327.044927194
 -30.940990268   25.850344957   21.620961403   52.524336289  327.328699770
-160.695328039   67.508395166   21.234193327  -32.504463328  327.715467847
-143.437312223   36.782478039   20.900025972    0.907991523  328.049635201
  -8.336235609   43.088569934   20.716197451   73.740762852  328.233463722
-155.401795619   52.764774701   20.286796023  -17.094073968  328.662865150
 -26.755155678   26.448642093   20.058348040   54.224587947  328.891313133
-169.045272259   88.805847902   19.477268024  -55.263301980  329.472393149
-141.892929896   32.439944129   19.411204209    5.081099869  329.538456964
-146.075642772   35.948977615   19.127850044    0.868685692  329.821811130
-106.998300536   17.777669274   18.851554819   25.357671672  330.098106354
-139.473351101   28.928421196   18.540773993    8.701064479  330.408887180
 -75.844395368   15.430281033   18.226917322   34.430274805  330.722743851
-171.179585068   91.803518632   17.169220394  -58.722116247  331.780440779
-160.967568229   58.099991179   17.592820932  -23.656096532  331.356840241
 -24.702397900   25.021892898   17.359401060   53.670618848  331.590260113
 -10.204949061   37.700961026   17.074046770   68.344922352  331.875614403
 -56.461193854   15.452456195   16.707723415   39.422951405  332.241937758
 -14.608755731   31.815603641   16.427993069   61.955385280  332.521668104
-144.494991776   28.200291304   16.091966716    8.051214902  332.857694457
  -4.771917802   46.000676380   15.908136448   77.389289507  333.041524725
-109.765313794   14.818119145   15.531846986   25.994909925  333.417814188
-168.434102988   75.468656644   15.190131557  -42.208693155  333.759529616
-168.955243860   76.696297628   14.898041364  -43.519089112  334.051619809
 -19.288121179   25.720172569   14.669915669   55.525224650  334.279745504
 -51.700468515   13.992256870   14.308634585   39.845091003  334.641026588
 -37.457267886   16.537747424   14.010854008   44.354077080  334.938807165
-160.428929267   44.110350235   13.702045947  -10.161353996  335.247615226
-159.737554504   41.516216370   13.388722451   -7.543281258  335.560938722
  -8.591465330   36.088440525   13.125289731   67.200808412  335.824371443
-153.406385541   29.362673978   12.731553455    5.121454738  336.218107718
-137.322761200   17.489866079   12.405464938   18.502136475  336.544196236
-162.754314539   44.065359426   12.107095974  -10.558713202  336.842565199
 -33.787361823   15.325432437   11.825160162   44.172884268  337.124501012
-171.438831491   76.065163742   11.466465622  -43.381046797  337.483195551
-151.507918098   23.610435915   11.213521825   10.737374069  337.736139348
 -19.385677517   20.939147698   10.934696216   51.292292339  338.014964957
-146.452168137   18.719616383   10.628281656   15.922331342  338.321379517
-165.729372189   45.136007132   10.292871380  -12.089984784  338.656789793
  -7.913136094   33.063753694   10.021195199   64.428669766  338.928465974
-168.890819974   54.264191621    9.677976478  -21.510830107  339.271684696
-116.162812490    9.320577441    9.431982856   27.496668863  339.517678317
  -7.654795948   32.200392897    9.196571528   63.632155880  339.753089645
-172.208782300   67.549152296    8.807058917  -35.084334481  340.142602256
 -25.239868253   14.364737240    8.555991921   44.678341473  340.393669252
 -12.606319686   22.782070062    8.258708173   53.959858488  340.690953001
 -35.557582761   10.493552520    7.976418413   40.250596749  340.973242761
-172.583258412   62.541963371    7.613361998  -30.167244870  341.336299175
-171.259092757   52.054302507    7.309564713  -19.624509239  341.640096460
-173.697471234   66.354547688    6.973094514  -34.072608576  341.976566659
-175.078236946   76.582898278    6.705657587  -44.382042082  342.244003586
 -81.720835374    5.519362050    6.486102306   32.586394049  342.463558867
 -82.412618570    5.248307753    6.171694907   32.500171994  342.777966266
 -24.883023023   10.542806560    5.889940701   41.389059382  343.059720472
-166.878957299   24.961818178    5.545452442    7.534505208  343.404208732
-170.861479141   35.103599956    5.246461509   -2.791906977  343.703199664
-176.965770770   84.169197202    4.917884364  -52.102296640  344.031776809
  -4.181602663   30.863072711    4.674023059   62.674489754  344.275638114
-176.880653063   77.091474603    4.304538085  -45.035650243  344.645123088
  -6.866479467   20.957420746    4.047183530   52.707486022  344.902477643
-168.772909728   18.733158729    3.687491234   13.530335644  345.262169939
-177.880755183   83.293792225    3.366323457  -51.284575642  345.583337716
-176.329319411   52.837194970    3.128516339  -20.795767666  345.821144834
-177.802966735   73.373529364    2.805689954  -41.371496477  346.143971219
-178.522273569   85.478857086    2.476809550  -53.495366886  346.472851623
-176.692528818   40.586800734    2.175491046   -8.577130484  346.774170127
-176.607505564   34.043061163    1.899613012   -2.038950853  347.050048161
  -1.164053373   34.173148742    1.614960929   66.115616251  347.334700244
-178.848104446   66.284704077    1.276917256  -34.317424348  347.672743917
-178.758143540   48.143782030    0.963072170  -16.178537578  347.986589003
-179.584783812   75.901535365    0.559302730  -43.943426886  348.390358443
-179.569580274   40.812311333    0.284707048   -8.855015003  348.664954125
 179.982834203   67.577623928   -0.019520614  -35.621232446  348.969181787
 179.292051326   23.856691354   -0.289210182    8.101213622  349.238871355
 177.947295387   15.042570658   -0.556753686   16.922280745  349.506414859
 179.164530360   64.406138712   -0.892858871  -32.444226507  349.842520044
   0.363163065   44.999394947   -1.137549911   76.952725019  350.087211085
 177.325162567   33.515376244   -1.477093797   -1.529731343  350.426754970
 178.744847113   79.927041377   -1.845391672  -47.953501996  350.795052845
   1.601567300   33.462455006   -2.121075558   65.393683874  351.070736731
 156.082577394    5.377513022   -2.444362112   27.017156194  351.394023285
 177.999695524   78.012683443   -2.818063720  -46.014554282  351.767724893
 177.171376531   65.559338745   -3.089741830  -33.538233698  352.039403003
   1.389925914   42.104780688   -3.388058151   74.026284018  352.337719324
 175.572431315   52.394261496   -3.739238905  -20.315268955  352.688900078
   2.317990945   37.579822369   -4.032657693   69.466935879  352.982318866
  13.630814720   13.199302901   -4.342819264   44.714048580  353.292480437
 178.516680911  101.331855882   -4.123426419  -69.330169645  353.073087593
 172.602789388   41.849711789   -4.998088195   -9.619432489  353.947749368
 175.788778451   72.754474894   -5.302439375  -40.632709974  354.252100548
 174.857933930   65.897716373   -5.645148210  -33.726335864  354.594809383
 177.727743034   97.196710208   -5.370837708  -65.149928174  354.320498881
  11.197148687   20.355283264   -6.268998394   51.788275114  355.218659567
 174.133568947   67.367977513   -6.623324056  -35.123778454  355.572985229
   7.315834951   28.418867492   -6.960873657   59.996447555  355.910534830
 177.502183763   99.809987937   -6.507468605  -67.733179150  355.457129778
 172.923691721   65.194729615   -7.648287958  -32.837388447  356.597949131
 169.982128823   49.572117325   -7.960334379  -17.024731179  356.909995552
  11.994875916   23.538364288   -8.268886323   54.753434451  357.218547496
 171.821715797   63.869551812   -8.604569636  -31.391747649  357.554230809
 174.028619490   80.858193113   -8.918437253  -48.507189159  357.868098426
   8.545275564   30.562699079   -9.239984704   61.930235694  358.189645877
 161.465753261   31.503723220   -9.566040519    1.770485999  358.515701692
 168.073866222   51.886449572   -9.905001148  -19.054270620  358.854662321
 123.645322086   11.089375277  -10.210072562   25.402537147  359.159733735
 175.010409197   92.851009561  -10.166453880  -60.518581208  359.116115053
 165.618937672   47.162528406  -10.821140836  -14.051709363  359.770802009
 153.618819165   25.392495184  -11.115470977    8.754512047    0.065132150
